20200924_07:28:-50.947,-0.301008,-0.507713,0.908434,-0.287225,-0.481776,1.089707,-0.275485,-0.472546,1.235755,-0.259848,-0.461453,1.458404,-0.296969,-0.465248,1.424446,-0.441554,-0.468646,1.397330,-0.521181,-0.508007,1.127108,-0.565136,-0.465414,0.896349,-0.562918,-0.410342,0.813970,-0.464216,-0.414753,0.762891,-0.492931,-0.429531,0.779139,-0.227945,-0.463484,1.418895,-0.099727,-0.463164,1.375484,-0.040665,-0.503389,1.094604,-0.055429,-0.416413,0.869515,-0.055470,-0.454018,0.769639,-0.059518,-0.517718,0.680881,-0.091717,-0.409182,0.757172,-0.394397,-0.512809,0.916263,-0.425719,-0.471393,0.507473,-0.442557,-0.521352,0.117200,-0.445130,-0.366522,0.002284,-0.216794,-0.503118,0.901374,-0.255098,-0.506912,0.491545,-0.294394,-0.564802,0.099784,-0.267911,-0.422640,-0.003003,-0.254450,-0.443555,1.540382,-0.290512,-0.287692,1.582381,-0.310083,-0.329411,1.616962,-0.342469,-0.454891,1.601681,-0.258587,-0.313802,1.616073,-0.175573,-0.419985,1.611378,
20200924_07:28:-50.965,-0.300549,-0.506133,0.908028,-0.287998,-0.480521,1.089432,-0.277186,-0.472124,1.235598,-0.264601,-0.461936,1.458477,-0.301262,-0.465424,1.423994,-0.445670,-0.469247,1.396027,-0.524111,-0.496781,1.124008,-0.561465,-0.430192,0.897815,-0.553676,-0.378021,0.813903,-0.462090,-0.417278,0.764499,-0.497376,-0.429783,0.774306,-0.232160,-0.463976,1.419409,-0.103489,-0.463750,1.377375,-0.039450,-0.505627,1.097838,-0.049344,-0.421385,0.871453,-0.043159,-0.460275,0.772266,-0.043248,-0.525559,0.684578,-0.075774,-0.422566,0.757940,-0.393972,-0.511464,0.915245,-0.423403,-0.473364,0.506003,-0.439676,-0.521262,0.115459,-0.441291,-0.366490,0.000457,-0.216305,-0.501326,0.901521,-0.253121,-0.505179,0.491568,-0.291360,-0.563979,0.099849,-0.264348,-0.423851,-0.005551,-0.260259,-0.444371,1.540587,-0.297578,-0.288015,1.579528,-0.317354,-0.329245,1.614572,-0.348942,-0.455123,1.601024,-0.265929,-0.313392,1.614028,-0.182350,-0.419213,1.612101,
20200924_07:28:-51.011,-0.300250,-0.505532,0.907447,-0.288359,-0.479985,1.088902,-0.278036,-0.472027,1.235126,-0.267404,-0.462291,1.458123,-0.303767,-0.465597,1.423309,-0.448055,-0.469709,1.394782,-0.525691,-0.489537,1.121867,-0.558521,-0.407632,0.900045,-0.550165,-0.356518,0.815541,-0.470713,-0.413542,0.762577,-0.512008,-0.421051,0.771513,-0.234625,-0.464363,1.419343,-0.105662,-0.464219,1.378216,-0.038244,-0.507200,1.099648,-0.044880,-0.424753,0.872488,-0.034324,-0.464129,0.773865,-0.031611,-0.530091,0.686729,-0.065527,-0.430344,0.759346,-0.393687,-0.511019,0.914343,-0.422305,-0.475513,0.504816,-0.438581,-0.522296,0.114143,-0.439861,-0.367518,-0.000851,-0.215993,-0.500585,0.901230,-0.252140,-0.504679,0.491226,-0.290001,-0.564061,0.099564,-0.262681,-0.425188,-0.007403,-0.263739,-0.444892,1.540300,-0.302076,-0.288091,1.576342,-0.322013,-0.328833,1.611862,-0.352946,-0.455047,1.600062,-0.270652,-0.312769,1.611547,-0.186620,-0.418243,1.612128,
20200924_07:28:-51.055,-0.300620,-0.502384,0.905815,-0.290323,-0.476829,1.087362,-0.281159,-0.470168,1.233724,-0.274758,-0.462102,1.456943,-0.310468,-0.464817,1.421411,-0.454038,-0.467871,1.389367,-0.530542,-0.481814,1.115777,-0.559660,-0.393112,0.896066,-0.560856,-0.335966,0.815099,-0.510360,-0.409170,0.748314,-0.524602,-0.409276,0.759706,-0.241255,-0.464213,1.418790,-0.111425,-0.464405,1.380501,-0.038210,-0.506726,1.103306,-0.037496,-0.426668,0.875204,-0.026594,-0.466002,0.776605,-0.024759,-0.531924,0.689420,-0.056419,-0.428951,0.761327,-0.394092,-0.508159,0.911930,-0.421460,-0.478882,0.501836,-0.436603,-0.524085,0.110942,-0.438671,-0.366116,0.000392,-0.216333,-0.497177,0.900302,-0.250364,-0.501077,0.490125,-0.286219,-0.563548,0.098766,-0.262117,-0.423667,-0.007653,-0.272521,-0.445317,1.539297,-0.306435,-0.288246,1.578447,-0.326969,-0.329076,1.613521,-0.361230,-0.454249,1.599985,-0.275227,-0.314306,1.612836,-0.193896,-0.421851,1.610596,
20200924_07:28:-51.099,-0.301511,-0.498775,0.904849,-0.291700,-0.476193,1.086821,-0.283301,-0.471164,1.233298,-0.280010,-0.466410,1.456687,-0.315250,-0.467530,1.420602,-0.458003,-0.466881,1.384953,-0.533193,-0.470005,1.110653,-0.555684,-0.367675,0.896144,-0.554840,-0.309938,0.815589,-0.531887,-0.382042,0.734079,-0.528270,-0.379425,0.753716,-0.246017,-0.469019,1.418998,-0.115633,-0.471304,1.382700,-0.040238,-0.512289,1.105879,-0.030226,-0.430522,0.878596,-0.019292,-0.468311,0.779394,-0.015368,-0.533481,0.691710,-0.049072,-0.427749,0.762093,-0.395135,-0.502343,0.910339,-0.421035,-0.478284,0.499799,-0.436933,-0.518022,0.108330,-0.436850,-0.358318,0.000273,-0.217087,-0.495558,0.899897,-0.249617,-0.494493,0.489570,-0.286209,-0.559353,0.098656,-0.262598,-0.422385,-0.011601,-0.278499,-0.450851,1.539300,-0.299895,-0.291161,1.576678,-0.325948,-0.329786,1.610566,-0.370787,-0.451347,1.595115,-0.273105,-0.319830,1.612681,-0.201993,-0.434396,1.614750,
20200924_07:28:-51.100,-0.304751,-0.495054,0.902706,-0.296401,-0.475053,1.085048,-0.289405,-0.471391,1.231634,-0.288305,-0.471653,1.455088,-0.323185,-0.471022,1.418645,-0.465217,-0.466565,1.380496,-0.537097,-0.459776,1.105385,-0.550594,-0.341413,0.898514,-0.549238,-0.283006,0.818453,-0.538600,-0.355085,0.734428,-0.529711,-0.359036,0.755353,-0.254006,-0.474351,1.417686,-0.122984,-0.478205,1.383921,-0.045553,-0.514648,1.107036,-0.026829,-0.431887,0.880674,-0.016895,-0.465684,0.779942,-0.013024,-0.527566,0.689910,-0.043274,-0.423116,0.761352,-0.398467,-0.497192,0.907233,-0.421274,-0.476903,0.496318,-0.436864,-0.513036,0.104500,-0.432696,-0.349116,0.003049,-0.220243,-0.493126,0.898625,-0.249584,-0.489991,0.488081,-0.285326,-0.553829,0.096933,-0.258596,-0.414206,-0.009196,-0.287234,-0.457965,1.538036,-0.304000,-0.297449,1.574190,-0.330655,-0.335072,1.608727,-0.378839,-0.455540,1.594908,-0.277550,-0.326490,1.610143,-0.209446,-0.442861,1.612445,
20200924_07:28:-51.143,-0.306708,-0.493126,0.901796,-0.299121,-0.474110,1.084271,-0.292828,-0.470851,1.230895,-0.293165,-0.473294,1.454332,-0.327797,-0.471823,1.417680,-0.469397,-0.466094,1.378131,-0.539722,-0.457831,1.102667,-0.548282,-0.332225,0.899850,-0.547289,-0.270315,0.822465,-0.539331,-0.346146,0.741504,-0.527136,-0.359037,0.759226,-0.258669,-0.476106,1.417123,-0.127251,-0.480845,1.385066,-0.048683,-0.515075,1.108228,-0.024490,-0.433446,0.881980,-0.017009,-0.470940,0.782353,-0.015668,-0.536102,0.694594,-0.041312,-0.420421,0.760621,-0.400454,-0.494660,0.905854,-0.421930,-0.479113,0.494672,-0.437735,-0.514505,0.102805,-0.430536,-0.349084,0.004005,-0.222173,-0.491742,0.898137,-0.249976,-0.488708,0.487496,-0.285953,-0.554381,0.096684,-0.257855,-0.416557,-0.011415,-0.292436,-0.460427,1.537413,-0.303978,-0.299803,1.575085,-0.332198,-0.336830,1.609016,-0.384374,-0.455419,1.593569,-0.278844,-0.330097,1.610947,-0.214802,-0.448759,1.612594,
20200924_07:28:-51.162,-0.307691,-0.491276,0.901000,-0.300336,-0.472606,1.083510,-0.294264,-0.469707,1.230142,-0.295432,-0.473748,1.453540,-0.329908,-0.471542,1.416782,-0.471127,-0.463967,1.376229,-0.540666,-0.455955,1.100575,-0.546842,-0.329819,0.898017,-0.546595,-0.263354,0.824509,-0.544167,-0.335610,0.740011,-0.531135,-0.357888,0.758093,-0.260846,-0.476765,1.416434,-0.129308,-0.483005,1.385171,-0.049597,-0.512934,1.108179,-0.020866,-0.430530,0.882758,-0.014901,-0.472632,0.784893,-0.014092,-0.537769,0.697115,-0.039649,-0.416794,0.759902,-0.401442,-0.492538,0.904907,-0.423068,-0.481204,0.493620,-0.439706,-0.518448,0.101982,-0.431292,-0.352553,0.004099,-0.223151,-0.490138,0.897478,-0.250235,-0.486644,0.486816,-0.287438,-0.555733,0.096732,-0.258351,-0.418316,-0.011607,-0.294823,-0.461490,1.536709,-0.306768,-0.301895,1.578373,-0.334287,-0.339893,1.611797,-0.385981,-0.458392,1.594246,-0.280955,-0.332879,1.613142,-0.216209,-0.451142,1.611050,
20200924_07:28:-51.203,-0.310154,-0.492103,0.900487,-0.303827,-0.472641,1.083000,-0.299090,-0.470141,1.229728,-0.302189,-0.473106,1.453183,-0.336287,-0.469957,1.416124,-0.476286,-0.457204,1.372603,-0.542289,-0.447384,1.096063,-0.541589,-0.320662,0.893703,-0.539149,-0.255299,0.819218,-0.536888,-0.331781,0.738480,-0.528487,-0.358241,0.757612,-0.267412,-0.477411,1.416366,-0.135943,-0.486761,1.385437,-0.054333,-0.517540,1.109012,-0.021756,-0.431372,0.885462,-0.017652,-0.485601,0.793623,-0.019097,-0.548872,0.704465,-0.043224,-0.411436,0.762343,-0.403939,-0.489606,0.903471,-0.422983,-0.483579,0.491836,-0.439176,-0.520222,0.100019,-0.427680,-0.354059,0.002807,-0.225584,-0.494356,0.897795,-0.249038,-0.486820,0.486856,-0.287812,-0.562397,0.098023,-0.256074,-0.425369,-0.010140,-0.301855,-0.460484,1.536321,-0.307237,-0.300113,1.576518,-0.336565,-0.336610,1.610102,-0.393173,-0.452983,1.593248,-0.282977,-0.331862,1.611734,-0.223308,-0.452821,1.611099,
20200924_07:28:-51.247,-0.310722,-0.487120,0.900030,-0.306848,-0.470696,1.082953,-0.304338,-0.470709,1.229790,-0.308379,-0.476785,1.453218,-0.342288,-0.472633,1.416069,-0.481318,-0.456113,1.370642,-0.543673,-0.444221,1.093271,-0.537595,-0.316244,0.891729,-0.533807,-0.252845,0.815591,-0.528742,-0.330901,0.736468,-0.522969,-0.357570,0.757369,-0.273510,-0.481060,1.416468,-0.141965,-0.491756,1.386168,-0.058292,-0.520569,1.110078,-0.025712,-0.418821,0.893115,-0.023089,-0.476765,0.803490,-0.025851,-0.539584,0.714013,-0.053414,-0.403717,0.771093,-0.404499,-0.482860,0.901633,-0.420876,-0.478268,0.489770,-0.434951,-0.513673,0.097668,-0.422930,-0.346685,0.001856,-0.226159,-0.490962,0.898584,-0.245690,-0.479862,0.487427,-0.284265,-0.556475,0.098684,-0.250212,-0.419022,-0.008296,-0.308202,-0.465342,1.536547,-0.311500,-0.306083,1.581287,-0.339682,-0.343420,1.614951,-0.397312,-0.459170,1.597067,-0.286042,-0.338854,1.614694,-0.226858,-0.459929,1.608514,
20200924_07:28:-51.291,-0.310833,-0.485147,0.898911,-0.306589,-0.470784,1.082070,-0.303800,-0.471956,1.228954,-0.307137,-0.480400,1.452403,-0.341148,-0.475561,1.415404,-0.479883,-0.456297,1.369969,-0.542964,-0.443816,1.092676,-0.534750,-0.316288,0.890816,-0.529832,-0.257552,0.811040,-0.523794,-0.337374,0.733706,-0.518743,-0.362406,0.757619,-0.272416,-0.484576,1.415474,-0.141034,-0.495468,1.384317,-0.058790,-0.522224,1.107476,-0.027711,-0.415279,0.892698,-0.029008,-0.476487,0.805191,-0.035995,-0.538711,0.715477,-0.060730,-0.395370,0.771783,-0.404629,-0.480605,0.900728,-0.422238,-0.476839,0.488749,-0.437572,-0.511871,0.096508,-0.427185,-0.343426,0.002932,-0.226253,-0.489242,0.897272,-0.246763,-0.477358,0.486026,-0.286909,-0.552057,0.096914,-0.253785,-0.412587,-0.007837,-0.306581,-0.469849,1.535880,-0.307103,-0.310369,1.580183,-0.335817,-0.347149,1.614047,-0.395436,-0.462020,1.596656,-0.282089,-0.343475,1.613625,-0.224920,-0.465582,1.607630,
20200924_07:28:-51.335,-0.309419,-0.482222,0.900318,-0.306259,-0.469357,1.083717,-0.304551,-0.470706,1.230702,-0.307941,-0.479658,1.454261,-0.341906,-0.474198,1.417265,-0.480162,-0.452945,1.370988,-0.541179,-0.441879,1.093004,-0.531708,-0.319815,0.887686,-0.527026,-0.267544,0.803451,-0.516683,-0.347997,0.727141,-0.513928,-0.367182,0.754108,-0.273283,-0.484282,1.417287,-0.142226,-0.496611,1.384971,-0.061776,-0.525037,1.107592,-0.026349,-0.415680,0.894552,-0.036942,-0.472182,0.804472,-0.052641,-0.539440,0.719544,-0.069449,-0.393570,0.779583,-0.403156,-0.475601,0.901469,-0.420472,-0.474806,0.489221,-0.436011,-0.511935,0.096950,-0.425042,-0.343098,0.003916,-0.224892,-0.488193,0.899281,-0.244826,-0.475723,0.487784,-0.284801,-0.547813,0.097925,-0.245764,-0.407520,-0.003823,-0.307193,-0.469319,1.537812,-0.307226,-0.309976,1.582964,-0.336151,-0.346849,1.616605,-0.396184,-0.461479,1.598499,-0.282378,-0.343363,1.616300,-0.225604,-0.465714,1.609775,
20200924_07:28:-51.335,-0.309636,-0.481979,0.900486,-0.305938,-0.468576,1.083862,-0.304292,-0.470326,1.230863,-0.306752,-0.477697,1.454522,-0.340797,-0.471866,1.417648,-0.478965,-0.446732,1.373018,-0.539402,-0.439937,1.094730,-0.529582,-0.324958,0.885341,-0.523361,-0.283801,0.795231,-0.495732,-0.360695,0.719533,-0.496680,-0.356796,0.747124,-0.272361,-0.483207,1.417411,-0.141477,-0.496974,1.384899,-0.068571,-0.527699,1.105644,-0.038945,-0.415052,0.893395,-0.049579,-0.464046,0.799010,-0.065323,-0.529317,0.712533,-0.081241,-0.394517,0.779203,-0.403101,-0.472125,0.901650,-0.421220,-0.474526,0.489386,-0.438673,-0.518135,0.097809,-0.425950,-0.348254,0.006867,-0.225353,-0.490866,0.899436,-0.245460,-0.478952,0.487874,-0.287766,-0.552113,0.098405,-0.244622,-0.412194,-0.002236,-0.305406,-0.466805,1.538008,-0.301449,-0.307535,1.583329,-0.331622,-0.343642,1.616719,-0.394617,-0.456600,1.598044,-0.277765,-0.341618,1.616821,-0.224281,-0.465478,1.610593,
20200924_07:28:-51.379,-0.309443,-0.482257,0.900464,-0.305623,-0.467264,1.083668,-0.303999,-0.468162,1.230640,-0.305754,-0.473800,1.454300,-0.339892,-0.468155,1.417501,-0.478513,-0.442549,1.374704,-0.538305,-0.440192,1.096276,-0.530585,-0.333083,0.882735,-0.524374,-0.303427,0.788239,-0.481462,-0.371301,0.711091,-0.492904,-0.359543,0.745231,-0.271508,-0.479697,1.417131,-0.140854,-0.496004,1.385014,-0.072010,-0.522748,1.104398,-0.049054,-0.408269,0.892372,-0.058775,-0.458026,0.798318,-0.074558,-0.521748,0.710735,-0.088783,-0.388922,0.778440,-0.402827,-0.471850,0.901559,-0.421856,-0.476585,0.489460,-0.440601,-0.526956,0.098854,-0.430172,-0.358538,0.005047,-0.225236,-0.491641,0.899476,-0.245999,-0.480891,0.488017,-0.289616,-0.557733,0.099505,-0.245011,-0.420410,-0.003957,-0.304104,-0.462273,1.537674,-0.301735,-0.302954,1.582781,-0.331071,-0.339402,1.616518,-0.392774,-0.453160,1.598631,-0.277261,-0.336680,1.616044,-0.222256,-0.459811,1.609371,
20200924_07:28:-51.399,-0.309282,-0.481368,0.900121,-0.304949,-0.464756,1.083133,-0.303384,-0.465157,1.230075,-0.304586,-0.469317,1.453721,-0.338712,-0.463262,1.416991,-0.477530,-0.435331,1.376459,-0.537476,-0.439432,1.098150,-0.531550,-0.343363,0.879422,-0.522235,-0.321719,0.783049,-0.471877,-0.378462,0.701570,-0.485910,-0.363260,0.743105,-0.270576,-0.476102,1.416503,-0.140331,-0.496225,1.385020,-0.077892,-0.520794,1.102778,-0.052618,-0.412585,0.887805,-0.065080,-0.468825,0.797843,-0.083700,-0.531506,0.710096,-0.093388,-0.384403,0.776298,-0.402325,-0.468407,0.901147,-0.421596,-0.478039,0.489237,-0.441165,-0.529513,0.098905,-0.426521,-0.364338,0.000116,-0.225381,-0.493056,0.899196,-0.246257,-0.483096,0.487816,-0.291125,-0.561021,0.099753,-0.244554,-0.427264,-0.007382,-0.302473,-0.457288,1.536994,-0.299739,-0.297015,1.578415,-0.330066,-0.332427,1.612356,-0.392300,-0.446068,1.595826,-0.276249,-0.330134,1.612954,-0.222142,-0.453781,1.610309,
20200924_07:28:-51.439,-0.308177,-0.479418,0.901276,-0.304568,-0.464134,1.084269,-0.303273,-0.465668,1.231088,-0.304420,-0.471122,1.454526,-0.338610,-0.465422,1.417855,-0.478043,-0.438649,1.379125,-0.535662,-0.448455,1.100703,-0.531895,-0.361992,0.878163,-0.519993,-0.344762,0.781268,-0.457814,-0.378874,0.695567,-0.478428,-0.365892,0.744058,-0.270328,-0.477129,1.417305,-0.140015,-0.495573,1.385550,-0.079424,-0.512786,1.102602,-0.057155,-0.410608,0.884589,-0.071168,-0.470268,0.797197,-0.091246,-0.533439,0.710238,-0.099327,-0.378496,0.776072,-0.401418,-0.468602,0.902211,-0.420772,-0.477074,0.490613,-0.439543,-0.527209,0.100390,-0.427024,-0.364056,-0.001691,-0.224098,-0.489171,0.900432,-0.245690,-0.479579,0.489414,-0.288871,-0.554799,0.100957,-0.245506,-0.423004,-0.009659,-0.302512,-0.459545,1.537799,-0.301393,-0.300298,1.582578,-0.331062,-0.336751,1.615914,-0.392015,-0.450652,1.597358,-0.277317,-0.333836,1.616231,-0.221827,-0.456649,1.610619,
20200924_07:28:-51.483,-0.311292,-0.477991,0.902201,-0.306683,-0.463006,1.085034,-0.304607,-0.464848,1.231710,-0.303894,-0.469786,1.454963,-0.338361,-0.464193,1.418597,-0.478059,-0.437224,1.381489,-0.536144,-0.454325,1.103774,-0.534683,-0.378866,0.877463,-0.521407,-0.363731,0.780486,-0.455011,-0.378334,0.692561,-0.478716,-0.370628,0.745238,-0.270139,-0.475856,1.417507,-0.140532,-0.496096,1.384497,-0.082287,-0.511812,1.101233,-0.064424,-0.409888,0.882933,-0.077521,-0.472472,0.797584,-0.096542,-0.536732,0.711309,-0.106545,-0.378114,0.775429,-0.404433,-0.467099,0.903656,-0.424176,-0.476856,0.492470,-0.443276,-0.526264,0.102522,-0.433634,-0.364691,-0.002032,-0.227302,-0.487812,0.900889,-0.249356,-0.477241,0.490285,-0.293433,-0.553020,0.102398,-0.254310,-0.424468,-0.013250,-0.301302,-0.458028,1.538117,-0.301139,-0.299865,1.586100,-0.331078,-0.337030,1.618300,-0.391450,-0.450575,1.596720,-0.277396,-0.333994,1.619317,-0.221567,-0.456425,1.611874,
20200924_07:28:-51.527,-0.314093,-0.476696,0.902472,-0.307945,-0.461789,1.085147,-0.304950,-0.464397,1.231701,-0.302215,-0.468764,1.454806,-0.336946,-0.462978,1.418768,-0.476572,-0.434327,1.383051,-0.536864,-0.456451,1.106351,-0.539923,-0.393014,0.876556,-0.521355,-0.377040,0.780654,-0.455842,-0.382318,0.691118,-0.480847,-0.376242,0.746958,-0.268882,-0.475211,1.417081,-0.140062,-0.497345,1.382595,-0.084719,-0.513049,1.098941,-0.072248,-0.409042,0.881422,-0.087591,-0.474720,0.798906,-0.108293,-0.537140,0.711761,-0.112733,-0.378282,0.773834,-0.406978,-0.464346,0.904590,-0.427186,-0.475270,0.493724,-0.447287,-0.524901,0.104111,-0.437268,-0.363840,-0.000967,-0.230334,-0.487831,0.900563,-0.252909,-0.475958,0.490289,-0.298520,-0.553019,0.103097,-0.260663,-0.426549,-0.015066,-0.298757,-0.456823,1.537847,-0.301384,-0.298894,1.586160,-0.329469,-0.336851,1.619035,-0.387414,-0.451803,1.598808,-0.275909,-0.332435,1.618630,-0.217203,-0.453294,1.609412,
20200924_07:28:-51.571,-0.315342,-0.475059,0.903471,-0.308114,-0.461226,1.086063,-0.304304,-0.464859,1.232473,-0.301229,-0.468753,1.455427,-0.336007,-0.463158,1.419454,-0.475842,-0.435104,1.384508,-0.537325,-0.462074,1.108705,-0.545346,-0.406991,0.877055,-0.521905,-0.391519,0.782215,-0.455559,-0.382406,0.693702,-0.481925,-0.380281,0.751456,-0.267954,-0.475164,1.417692,-0.139543,-0.497319,1.382081,-0.085267,-0.511772,1.098359,-0.076294,-0.406963,0.881240,-0.093883,-0.471926,0.798702,-0.117447,-0.537983,0.715133,-0.119015,-0.378068,0.773854,-0.408124,-0.462542,0.906196,-0.428432,-0.473066,0.495611,-0.448683,-0.523576,0.106395,-0.441036,-0.363397,0.000024,-0.231678,-0.486346,0.901014,-0.254181,-0.473350,0.491058,-0.300830,-0.549402,0.104074,-0.264174,-0.424148,-0.015568,-0.297690,-0.456636,1.538381,-0.299087,-0.299392,1.588548,-0.328603,-0.337259,1.620179,-0.387766,-0.450928,1.597023,-0.275025,-0.333707,1.621226,-0.218057,-0.455292,1.612038,
20200924_07:28:-51.572,-0.316215,-0.474218,0.904215,-0.308352,-0.459550,1.086618,-0.304016,-0.462020,1.232961,-0.299959,-0.465351,1.455790,-0.334908,-0.460070,1.419973,-0.475128,-0.433491,1.385752,-0.539452,-0.467321,1.111511,-0.554796,-0.421241,0.878399,-0.520226,-0.404076,0.787386,-0.447336,-0.386461,0.705635,-0.476030,-0.381526,0.763976,-0.266824,-0.471637,1.417948,-0.138912,-0.495100,1.381652,-0.086179,-0.511834,1.097921,-0.079235,-0.405273,0.881724,-0.092694,-0.458735,0.790669,-0.112217,-0.521944,0.703989,-0.123690,-0.380266,0.772130,-0.408895,-0.461384,0.907178,-0.428690,-0.473894,0.496841,-0.447869,-0.524519,0.107796,-0.441389,-0.365844,-0.000702,-0.232640,-0.485791,0.901543,-0.256771,-0.474688,0.491841,-0.303050,-0.551731,0.105224,-0.266745,-0.428559,-0.016530,-0.296144,-0.453017,1.538655,-0.295107,-0.295467,1.587567,-0.327287,-0.332119,1.617950,-0.388719,-0.444049,1.592714,-0.273770,-0.330208,1.621612,-0.220258,-0.453495,1.616097,
20200924_07:28:-51.615,-0.315865,-0.473259,0.903104,-0.308347,-0.458166,1.085364,-0.303810,-0.461151,1.231594,-0.299925,-0.464723,1.454274,-0.334968,-0.460592,1.418444,-0.475917,-0.438689,1.384328,-0.544065,-0.475102,1.111541,-0.565409,-0.428597,0.879149,-0.533442,-0.418844,0.786180,-0.451362,-0.390526,0.717253,-0.483090,-0.386759,0.766770,-0.266567,-0.469793,1.416490,-0.137923,-0.489464,1.380874,-0.084638,-0.507018,1.097492,-0.079479,-0.401688,0.880821,-0.088962,-0.442863,0.783200,-0.104390,-0.500161,0.691805,-0.117679,-0.375601,0.767564,-0.408909,-0.464044,0.906179,-0.428070,-0.475397,0.496053,-0.444948,-0.529193,0.107592,-0.441438,-0.372553,-0.003735,-0.231964,-0.481568,0.900332,-0.257479,-0.474128,0.490905,-0.300880,-0.552166,0.104426,-0.265738,-0.427115,-0.015569,-0.296645,-0.452417,1.537109,-0.297680,-0.293701,1.581690,-0.332227,-0.329259,1.610670,-0.392664,-0.441339,1.584175,-0.279122,-0.327618,1.618060,-0.226479,-0.451294,1.619668,
20200924_07:28:-51.631,-0.316223,-0.472221,0.902449,-0.308437,-0.458329,1.084773,-0.303754,-0.462306,1.230958,-0.300345,-0.466709,1.453606,-0.335324,-0.462614,1.417718,-0.475996,-0.441569,1.382023,-0.547403,-0.478657,1.110196,-0.571462,-0.431521,0.878223,-0.548121,-0.423973,0.782535,-0.461466,-0.389190,0.722800,-0.489322,-0.385592,0.766158,-0.266883,-0.471470,1.415882,-0.138020,-0.490002,1.380502,-0.083969,-0.507948,1.097322,-0.076390,-0.403537,0.880308,-0.084690,-0.438843,0.780322,-0.098224,-0.494689,0.687750,-0.113398,-0.378980,0.765906,-0.409212,-0.462619,0.905688,-0.427522,-0.471583,0.495510,-0.443095,-0.526077,0.107135,-0.440290,-0.368367,-0.002655,-0.232371,-0.480879,0.899527,-0.258064,-0.474331,0.490142,-0.301271,-0.551477,0.103507,-0.263965,-0.424683,-0.013950,-0.297309,-0.454705,1.536485,-0.298983,-0.296232,1.581840,-0.329540,-0.332914,1.613741,-0.388749,-0.446726,1.592434,-0.276056,-0.329652,1.616110,-0.219750,-0.451631,1.612070,
20200924_07:28:-51.671,-0.316309,-0.471980,0.902139,-0.308460,-0.458709,1.084489,-0.303799,-0.463150,1.230647,-0.300900,-0.467726,1.453279,-0.335798,-0.463659,1.417315,-0.476216,-0.443080,1.380422,-0.549674,-0.481253,1.109320,-0.575452,-0.434391,0.877500,-0.557943,-0.428950,0.780443,-0.468840,-0.390299,0.727042,-0.493609,-0.387029,0.765615,-0.267345,-0.472401,1.415632,-0.138341,-0.490480,1.380582,-0.083555,-0.509369,1.097633,-0.073985,-0.406149,0.880153,-0.081227,-0.437849,0.778895,-0.093058,-0.493052,0.685719,-0.109730,-0.383384,0.764976,-0.409240,-0.461931,0.905407,-0.426705,-0.469727,0.495207,-0.441199,-0.525127,0.106956,-0.438601,-0.366875,-0.002023,-0.232508,-0.481042,0.899191,-0.257986,-0.475466,0.489817,-0.300920,-0.552340,0.103135,-0.261827,-0.424631,-0.012712,-0.298076,-0.455784,1.536166,-0.299840,-0.297428,1.581866,-0.327719,-0.334687,1.615495,-0.386046,-0.449524,1.597607,-0.274263,-0.330456,1.614599,-0.216119,-0.451377,1.606872,
20200924_07:28:-51.715,-0.316244,-0.472056,0.902072,-0.308406,-0.459010,1.084425,-0.303803,-0.463582,1.230570,-0.301320,-0.467970,1.453193,-0.336152,-0.463963,1.417163,-0.476376,-0.443733,1.379399,-0.551128,-0.483076,1.108841,-0.578021,-0.436813,0.877045,-0.564405,-0.433069,0.779294,-0.473945,-0.391963,0.730197,-0.496455,-0.388962,0.765266,-0.267693,-0.472648,1.415616,-0.138587,-0.490528,1.380880,-0.083168,-0.510545,1.098155,-0.072107,-0.408603,0.880164,-0.078314,-0.438266,0.778231,-0.088585,-0.493391,0.684833,-0.106430,-0.387227,0.764233,-0.409133,-0.461677,0.905322,-0.425904,-0.469111,0.495117,-0.439566,-0.525485,0.107006,-0.436981,-0.366938,-0.001519,-0.232482,-0.481414,0.899141,-0.257685,-0.476897,0.489768,-0.300342,-0.553958,0.103124,-0.259976,-0.425792,-0.011758,-0.298662,-0.455957,1.536070,-0.300185,-0.297643,1.581877,-0.326299,-0.335183,1.616584,-0.384129,-0.450598,1.601014,-0.272973,-0.330410,1.613530,-0.213969,-0.450723,1.603401,
20200924_07:28:-51.759,-0.315797,-0.472017,0.901996,-0.308022,-0.459014,1.084358,-0.303447,-0.463285,1.230516,-0.301418,-0.466570,1.453166,-0.336191,-0.462890,1.417044,-0.476402,-0.443990,1.378537,-0.552068,-0.486651,1.108731,-0.580613,-0.443510,0.876527,-0.570504,-0.440552,0.778323,-0.480731,-0.394755,0.732205,-0.504646,-0.390197,0.762563,-0.267691,-0.471287,1.415684,-0.138364,-0.488774,1.381564,-0.081046,-0.511298,1.099400,-0.068050,-0.412856,0.879908,-0.068377,-0.443126,0.777962,-0.072054,-0.500074,0.685166,-0.093578,-0.388163,0.759429,-0.408679,-0.461546,0.905209,-0.425109,-0.469059,0.494984,-0.438177,-0.526400,0.106988,-0.436515,-0.367385,-0.000874,-0.232042,-0.481460,0.899098,-0.256993,-0.477644,0.489695,-0.299347,-0.554747,0.103019,-0.258480,-0.426178,-0.011240,-0.298989,-0.454139,1.535990,-0.299048,-0.295968,1.582325,-0.324699,-0.333516,1.617369,-0.383272,-0.448644,1.602457,-0.271416,-0.328949,1.613386,-0.213095,-0.449470,1.601828,
20200924_07:28:-51.803,-0.313774,-0.469605,0.903303,-0.306257,-0.457171,1.085779,-0.301332,-0.459966,1.232012,-0.299717,-0.464660,1.454718,-0.334510,-0.461735,1.418522,-0.474629,-0.446735,1.377833,-0.553565,-0.489762,1.108921,-0.590033,-0.452623,0.876704,-0.575979,-0.445012,0.779203,-0.488629,-0.394526,0.733235,-0.527388,-0.396864,0.755737,-0.265772,-0.468167,1.417275,-0.135955,-0.481773,1.383065,-0.076675,-0.507121,1.101445,-0.063027,-0.413089,0.879975,-0.055972,-0.441778,0.777778,-0.049410,-0.498179,0.684763,-0.078971,-0.386627,0.754566,-0.406929,-0.461582,0.906594,-0.423761,-0.469830,0.496257,-0.436262,-0.526539,0.108012,-0.435710,-0.365901,0.002450,-0.229773,-0.476840,0.900336,-0.255795,-0.474640,0.490845,-0.297024,-0.552378,0.104034,-0.257253,-0.421446,-0.008001,-0.297831,-0.452707,1.537655,-0.296784,-0.295460,1.587215,-0.323812,-0.333339,1.620873,-0.383643,-0.447319,1.602206,-0.270370,-0.329470,1.618259,-0.213471,-0.450612,1.605635,
20200924_07:28:-51.803,-0.313186,-0.468034,0.904904,-0.305247,-0.455717,1.087382,-0.299877,-0.459101,1.233597,-0.298002,-0.464192,1.456308,-0.332850,-0.461368,1.420151,-0.472631,-0.445842,1.378471,-0.555109,-0.488740,1.110583,-0.592538,-0.450306,0.878713,-0.572550,-0.452831,0.781980,-0.500374,-0.391287,0.724563,-0.527378,-0.411823,0.756438,-0.264078,-0.467468,1.418821,-0.134077,-0.478803,1.384448,-0.073988,-0.504786,1.103036,-0.057508,-0.416644,0.879330,-0.048169,-0.443484,0.776807,-0.037101,-0.498575,0.683426,-0.072357,-0.397151,0.753331,-0.406421,-0.461067,0.908489,-0.424089,-0.470630,0.498188,-0.437271,-0.526553,0.109823,-0.436826,-0.365297,0.005182,-0.229112,-0.474317,0.901670,-0.255771,-0.473423,0.492187,-0.297632,-0.552151,0.105615,-0.259016,-0.420702,-0.006237,-0.296086,-0.452380,1.539270,-0.298711,-0.293772,1.584261,-0.323262,-0.331514,1.619920,-0.379773,-0.447925,1.606633,-0.270100,-0.325953,1.615314,-0.209558,-0.445473,1.604150,
20200924_07:28:-51.847,-0.313083,-0.467479,0.905590,-0.304969,-0.455178,1.088074,-0.299433,-0.458902,1.234284,-0.297589,-0.464153,1.457005,-0.332433,-0.461278,1.420844,-0.471887,-0.444867,1.378384,-0.556665,-0.487385,1.111135,-0.594341,-0.448008,0.879448,-0.565822,-0.455195,0.785112,-0.500349,-0.391246,0.722509,-0.518814,-0.417700,0.764172,-0.263661,-0.467429,1.419517,-0.133566,-0.477777,1.385153,-0.072912,-0.504565,1.103920,-0.054124,-0.420577,0.878785,-0.043710,-0.446426,0.776104,-0.030140,-0.500774,0.682609,-0.068038,-0.406033,0.752744,-0.406344,-0.460846,0.909290,-0.424255,-0.471425,0.498998,-0.437784,-0.526971,0.110566,-0.436683,-0.365360,0.006457,-0.228985,-0.473460,0.902254,-0.255725,-0.473539,0.492749,-0.297995,-0.552957,0.106339,-0.259540,-0.421373,-0.005428,-0.295674,-0.452401,1.539981,-0.300396,-0.292964,1.581797,-0.323438,-0.330419,1.618748,-0.377964,-0.448136,1.609067,-0.270502,-0.323951,1.612862,-0.207910,-0.442519,1.602794,
20200924_07:28:-51.863,-0.313173,-0.467445,0.905744,-0.304979,-0.455097,1.088231,-0.299400,-0.459000,1.234443,-0.297673,-0.464266,1.457178,-0.332493,-0.461279,1.420999,-0.471665,-0.443924,1.377962,-0.557981,-0.486022,1.111122,-0.595603,-0.445994,0.879524,-0.559996,-0.454849,0.787768,-0.496903,-0.390595,0.723056,-0.511045,-0.418411,0.772519,-0.263737,-0.467648,1.419703,-0.133594,-0.477702,1.385400,-0.072577,-0.505314,1.104308,-0.052010,-0.424277,0.878235,-0.041090,-0.449625,0.775475,-0.026119,-0.503595,0.681967,-0.065215,-0.413176,0.752337,-0.406436,-0.460784,0.909481,-0.424381,-0.472170,0.499188,-0.438141,-0.527596,0.110725,-0.436128,-0.365797,0.006899,-0.229074,-0.473451,0.902374,-0.255717,-0.474285,0.492841,-0.298329,-0.554219,0.106550,-0.259587,-0.422693,-0.005202,-0.295758,-0.452523,1.540160,-0.301567,-0.292549,1.579768,-0.323703,-0.329706,1.617568,-0.377128,-0.448108,1.610327,-0.270922,-0.322780,1.610850,-0.207236,-0.440839,1.601595,
20200924_07:28:-51.903,-0.313295,-0.467592,0.905671,-0.305089,-0.455201,1.088165,-0.299528,-0.459213,1.234382,-0.297952,-0.464465,1.457130,-0.332742,-0.461368,1.420928,-0.471689,-0.443234,1.377463,-0.558997,-0.484959,1.110872,-0.596456,-0.444472,0.879314,-0.555713,-0.453708,0.789753,-0.493270,-0.389533,0.724328,-0.505573,-0.417345,0.779397,-0.264002,-0.467959,1.419673,-0.133828,-0.477968,1.385450,-0.072540,-0.506234,1.104467,-0.050667,-0.427232,0.877784,-0.039484,-0.452312,0.774982,-0.023679,-0.506083,0.681490,-0.063355,-0.418479,0.752065,-0.406554,-0.460808,0.909404,-0.424415,-0.472759,0.499103,-0.438273,-0.528134,0.110616,-0.435440,-0.366228,0.006960,-0.229199,-0.473709,0.902305,-0.255662,-0.475065,0.492740,-0.298480,-0.555339,0.106522,-0.259367,-0.423908,-0.005227,-0.296048,-0.452720,1.540116,-0.302455,-0.292396,1.578222,-0.324035,-0.329312,1.616579,-0.376821,-0.448097,1.610965,-0.271355,-0.322144,1.609323,-0.207051,-0.439919,1.600645,
20200924_07:28:-51.947,-0.312416,-0.465808,0.905231,-0.304010,-0.453666,1.087765,-0.297908,-0.456949,1.234005,-0.296695,-0.463649,1.456756,-0.331480,-0.461249,1.420484,-0.470705,-0.448041,1.376052,-0.558828,-0.485011,1.108973,-0.602586,-0.439488,0.879420,-0.564849,-0.448961,0.788556,-0.491482,-0.390558,0.729322,-0.507919,-0.398541,0.782621,-0.262572,-0.465977,1.419354,-0.132251,-0.472776,1.384809,-0.068743,-0.503030,1.104473,-0.047004,-0.425206,0.877324,-0.028335,-0.458825,0.778088,-0.011551,-0.515601,0.686541,-0.056207,-0.409366,0.752951,-0.405817,-0.461262,0.909230,-0.424251,-0.471622,0.498836,-0.437907,-0.529173,0.110586,-0.437234,-0.367080,0.007120,-0.228193,-0.469907,0.901624,-0.255706,-0.473770,0.492070,-0.298241,-0.554339,0.105808,-0.259853,-0.422165,-0.005366,-0.295297,-0.452411,1.539838,-0.302802,-0.292075,1.577827,-0.326077,-0.328970,1.615218,-0.378951,-0.447608,1.607279,-0.273109,-0.321954,1.610169,-0.208843,-0.439938,1.604046,
20200924_07:28:-51.991,-0.312063,-0.464938,0.904908,-0.303525,-0.452940,1.087479,-0.297143,-0.455765,1.233743,-0.296177,-0.463522,1.456502,-0.330943,-0.461426,1.420180,-0.470213,-0.450871,1.375096,-0.559189,-0.484338,1.107784,-0.607103,-0.435448,0.879713,-0.571200,-0.445685,0.788172,-0.490608,-0.393346,0.732744,-0.506389,-0.388001,0.790367,-0.261962,-0.465199,1.419136,-0.131610,-0.470381,1.384332,-0.066952,-0.502112,1.104368,-0.045133,-0.425039,0.876924,-0.024957,-0.466357,0.780922,-0.010057,-0.527965,0.692192,-0.052295,-0.407006,0.754437,-0.405521,-0.461498,0.909052,-0.424254,-0.470840,0.498573,-0.437867,-0.529915,0.110479,-0.437897,-0.367825,0.006942,-0.227787,-0.468041,0.901171,-0.255906,-0.473561,0.491602,-0.298427,-0.554105,0.105260,-0.260140,-0.421480,-0.005462,-0.295060,-0.452665,1.539654,-0.302840,-0.292470,1.578303,-0.327339,-0.329451,1.614832,-0.380562,-0.447797,1.604764,-0.274207,-0.322676,1.611305,-0.210365,-0.440972,1.606337,
20200924_07:28:-52.039,-0.311957,-0.464672,0.904754,-0.303387,-0.452730,1.087357,-0.296926,-0.455212,1.233648,-0.296289,-0.463588,1.456422,-0.331011,-0.461549,1.420043,-0.470214,-0.452137,1.374425,-0.559771,-0.483126,1.106958,-0.610138,-0.432084,0.879848,-0.575230,-0.443411,0.788034,-0.489780,-0.396508,0.735031,-0.503868,-0.382768,0.797743,-0.262001,-0.465005,1.419102,-0.131633,-0.469713,1.384203,-0.066183,-0.502800,1.104531,-0.043834,-0.426372,0.876880,-0.024120,-0.473422,0.783435,-0.011640,-0.538608,0.696893,-0.049658,-0.407882,0.755958,-0.405440,-0.461528,0.908935,-0.424161,-0.470281,0.498375,-0.437782,-0.530477,0.110388,-0.437455,-0.368434,0.006721,-0.227659,-0.467507,0.900982,-0.255955,-0.474179,0.491376,-0.298607,-0.554674,0.104971,-0.259686,-0.421962,-0.005472,-0.295358,-0.452956,1.539619,-0.302684,-0.292784,1.578570,-0.328179,-0.329683,1.614512,-0.382097,-0.447611,1.603063,-0.274930,-0.323302,1.612047,-0.211888,-0.442086,1.607994,
20200924_07:28:-52.040,-0.310006,-0.464668,0.901760,-0.300035,-0.451403,1.084204,-0.292650,-0.453262,1.230464,-0.291052,-0.460649,1.453272,-0.325920,-0.458364,1.417047,-0.465608,-0.449233,1.372867,-0.554641,-0.482982,1.105554,-0.599972,-0.425726,0.878861,-0.577598,-0.427362,0.782560,-0.507508,-0.364109,0.724270,-0.512308,-0.381619,0.779015,-0.256960,-0.462635,1.415798,-0.127003,-0.468880,1.379622,-0.058987,-0.505758,1.101033,-0.040403,-0.418791,0.876847,-0.030108,-0.471641,0.785001,-0.025489,-0.536064,0.697119,-0.061055,-0.408302,0.756929,-0.403404,-0.460120,0.906534,-0.423903,-0.471196,0.496108,-0.440672,-0.532629,0.108430,-0.437679,-0.371364,0.003591,-0.225784,-0.468769,0.897455,-0.256476,-0.478908,0.488085,-0.300931,-0.556870,0.101356,-0.260276,-0.425598,-0.010181,-0.289601,-0.449656,1.536417,-0.300635,-0.289937,1.576352,-0.324986,-0.327660,1.612233,-0.376049,-0.446821,1.600421,-0.271926,-0.319951,1.609480,-0.205998,-0.437118,1.604345,
20200924_07:28:-52.083,-0.309734,-0.465927,0.900011,-0.299131,-0.451429,1.082211,-0.290930,-0.452838,1.228340,-0.288931,-0.459654,1.451024,-0.323855,-0.457997,1.414863,-0.464193,-0.451772,1.372586,-0.550813,-0.488394,1.105046,-0.592668,-0.427285,0.878847,-0.576318,-0.425923,0.781401,-0.518733,-0.354249,0.719410,-0.521490,-0.386132,0.766999,-0.254881,-0.461204,1.413533,-0.124781,-0.465803,1.377943,-0.056022,-0.507398,1.100390,-0.044866,-0.410961,0.879776,-0.038962,-0.455815,0.783474,-0.041086,-0.516949,0.693264,-0.063693,-0.399497,0.761987,-0.403133,-0.463763,0.905274,-0.424465,-0.473512,0.495114,-0.440762,-0.537893,0.108144,-0.440664,-0.377629,0.001957,-0.225512,-0.467879,0.895266,-0.257762,-0.481931,0.486387,-0.301398,-0.561676,0.100184,-0.262157,-0.427828,-0.008591,-0.287542,-0.448445,1.534089,-0.300709,-0.288402,1.571577,-0.324699,-0.325867,1.607911,-0.374191,-0.445747,1.597712,-0.271763,-0.317538,1.605224,-0.204396,-0.433857,1.602061,
20200924_07:28:-52.099,-0.309644,-0.466444,0.899431,-0.298834,-0.451442,1.081480,-0.290298,-0.452665,1.227514,-0.288448,-0.459101,1.450091,-0.323332,-0.457713,1.413917,-0.463925,-0.452785,1.372598,-0.548170,-0.490931,1.104673,-0.586670,-0.426780,0.878854,-0.572830,-0.424097,0.781101,-0.523362,-0.345166,0.721054,-0.523490,-0.388870,0.762871,-0.254376,-0.460509,1.412651,-0.124160,-0.464647,1.377710,-0.054388,-0.510066,1.101171,-0.047257,-0.408328,0.882923,-0.042561,-0.447562,0.784195,-0.048250,-0.506102,0.692501,-0.065123,-0.395065,0.767320,-0.403002,-0.465488,0.904896,-0.424438,-0.473517,0.494923,-0.440138,-0.538830,0.108297,-0.441268,-0.378902,0.001795,-0.225459,-0.467307,0.894503,-0.258190,-0.483345,0.485956,-0.301159,-0.564011,0.100086,-0.262280,-0.429076,-0.007312,-0.287197,-0.447755,1.533094,-0.301407,-0.287455,1.568673,-0.325473,-0.324610,1.605226,-0.374283,-0.444774,1.596008,-0.272587,-0.316057,1.602839,-0.204675,-0.432011,1.601474,
20200924_07:28:-52.139,-0.309579,-0.463207,0.899973,-0.299728,-0.450607,1.082214,-0.292041,-0.453762,1.228231,-0.289844,-0.461094,1.450725,-0.324774,-0.459383,1.414626,-0.465258,-0.451984,1.373427,-0.546942,-0.488116,1.104504,-0.577606,-0.418003,0.879318,-0.562340,-0.413571,0.781864,-0.513552,-0.332068,0.724821,-0.517734,-0.381220,0.760986,-0.255852,-0.462526,1.413229,-0.125823,-0.466833,1.377741,-0.056748,-0.507438,1.100352,-0.052811,-0.400809,0.884434,-0.050709,-0.439874,0.785577,-0.064484,-0.498132,0.694595,-0.069021,-0.388062,0.772879,-0.402937,-0.461748,0.904919,-0.422473,-0.467521,0.494911,-0.436609,-0.527313,0.107427,-0.436730,-0.367525,0.000791,-0.225395,-0.464523,0.895513,-0.256596,-0.478533,0.486870,-0.298471,-0.555968,0.100315,-0.258481,-0.422519,-0.008454,-0.288394,-0.450088,1.533750,-0.301722,-0.289527,1.568295,-0.327375,-0.326234,1.604195,-0.377346,-0.445796,1.593871,-0.274351,-0.318341,1.603441,-0.207888,-0.435096,1.604617,
20200924_07:28:-52.183,-0.309529,-0.461557,0.900514,-0.300207,-0.450273,1.082822,-0.293013,-0.454457,1.228801,-0.290465,-0.461966,1.451227,-0.325440,-0.460068,1.415200,-0.465815,-0.450902,1.374118,-0.545669,-0.486236,1.104616,-0.570724,-0.412754,0.879875,-0.554271,-0.407643,0.782674,-0.505694,-0.325181,0.726898,-0.512543,-0.377837,0.760167,-0.256554,-0.463525,1.413682,-0.126696,-0.468153,1.377739,-0.058507,-0.506180,1.099843,-0.056851,-0.396836,0.885326,-0.057382,-0.436941,0.786895,-0.077560,-0.495179,0.697136,-0.073313,-0.384357,0.776717,-0.402870,-0.459647,0.905168,-0.421373,-0.464613,0.495207,-0.434742,-0.521399,0.107346,-0.434075,-0.361799,0.000520,-0.225359,-0.463279,0.896316,-0.255766,-0.476476,0.487692,-0.297190,-0.552068,0.100829,-0.256264,-0.419535,-0.008637,-0.288820,-0.451032,1.534237,-0.301021,-0.290224,1.567832,-0.327678,-0.326481,1.603433,-0.378727,-0.445520,1.592768,-0.274581,-0.319158,1.603565,-0.209419,-0.436577,1.606408,
20200924_07:28:-52.227,-0.307950,-0.461693,0.900025,-0.298043,-0.449318,1.082180,-0.290695,-0.452486,1.228135,-0.287966,-0.459040,1.450528,-0.322938,-0.456545,1.414553,-0.463494,-0.445252,1.374788,-0.541934,-0.481633,1.105094,-0.560268,-0.404119,0.881131,-0.547190,-0.413141,0.783730,-0.497609,-0.342008,0.714841,-0.503403,-0.379229,0.756813,-0.254165,-0.461505,1.412951,-0.124480,-0.468812,1.376970,-0.057022,-0.506896,1.098987,-0.057226,-0.398604,0.884007,-0.061244,-0.438840,0.785742,-0.085194,-0.497683,0.697353,-0.074893,-0.383636,0.774819,-0.401182,-0.457483,0.904810,-0.420173,-0.465277,0.495030,-0.436218,-0.524350,0.107724,-0.429967,-0.365733,-0.000283,-0.223878,-0.465489,0.895710,-0.255184,-0.479809,0.487307,-0.298511,-0.554344,0.100561,-0.254486,-0.423869,-0.010086,-0.285956,-0.447772,1.533461,-0.295871,-0.286179,1.563645,-0.323839,-0.321230,1.599420,-0.376812,-0.439501,1.590117,-0.270646,-0.314851,1.600430,-0.207705,-0.433294,1.606827,
20200924_07:28:-52.275,-0.307570,-0.463615,0.898089,-0.299146,-0.448665,1.080103,-0.292868,-0.450710,1.226110,-0.290847,-0.454943,1.448539,-0.325707,-0.453016,1.412430,-0.466666,-0.442765,1.373896,-0.537821,-0.484052,1.102926,-0.549611,-0.403340,0.879685,-0.539067,-0.424748,0.783938,-0.499643,-0.356649,0.706033,-0.496273,-0.379077,0.753160,-0.256911,-0.457610,1.411106,-0.126758,-0.464533,1.376843,-0.059308,-0.502603,1.098893,-0.060991,-0.397067,0.882586,-0.064518,-0.429038,0.781325,-0.083540,-0.484404,0.689572,-0.081718,-0.379716,0.769856,-0.400866,-0.460428,0.902145,-0.418406,-0.470350,0.492397,-0.432479,-0.533011,0.105626,-0.428112,-0.372774,-0.000015,-0.223440,-0.466488,0.894431,-0.253831,-0.484479,0.486154,-0.294442,-0.562665,0.099884,-0.250855,-0.431078,-0.009580,-0.289177,-0.442806,1.531347,-0.298406,-0.280796,1.559320,-0.327755,-0.315146,1.594654,-0.381571,-0.433004,1.585174,-0.274562,-0.309256,1.597167,-0.213001,-0.428183,1.606819,
20200924_07:28:-52.275,-0.307498,-0.464635,0.897205,-0.299834,-0.448433,1.079125,-0.294072,-0.450101,1.225143,-0.292228,-0.453365,1.447566,-0.327061,-0.451728,1.411423,-0.468327,-0.442071,1.373933,-0.534955,-0.485815,1.102232,-0.542925,-0.402275,0.879890,-0.532096,-0.432563,0.786615,-0.498527,-0.368285,0.702951,-0.490794,-0.379735,0.752615,-0.258254,-0.456064,1.410177,-0.127846,-0.462584,1.376874,-0.060788,-0.499822,1.098750,-0.063771,-0.395457,0.881918,-0.068886,-0.422441,0.779294,-0.085935,-0.475445,0.685789,-0.087226,-0.375392,0.767039,-0.400820,-0.462155,0.900916,-0.417953,-0.472512,0.491205,-0.431213,-0.536707,0.104701,-0.428305,-0.375240,0.000939,-0.223345,-0.466871,0.893859,-0.253695,-0.486291,0.485689,-0.293034,-0.565832,0.099607,-0.249934,-0.433188,-0.008737,-0.290677,-0.440867,1.530313,-0.299349,-0.278688,1.557371,-0.329486,-0.312684,1.592375,-0.383868,-0.430238,1.582563,-0.276310,-0.307110,1.595733,-0.215667,-0.426355,1.606949,
20200924_07:28:-52.319,-0.307564,-0.465029,0.896949,-0.300159,-0.448433,1.078827,-0.294556,-0.450205,1.224835,-0.292551,-0.453351,1.447237,-0.327408,-0.451775,1.411121,-0.468904,-0.442241,1.374535,-0.532912,-0.486839,1.102372,-0.538615,-0.400828,0.880930,-0.526766,-0.436981,0.789905,-0.496488,-0.375876,0.702697,-0.486704,-0.379750,0.753540,-0.258603,-0.456026,1.409829,-0.128083,-0.462363,1.376985,-0.061726,-0.498495,1.098576,-0.065718,-0.394410,0.881652,-0.072807,-0.418400,0.778415,-0.089275,-0.469853,0.683957,-0.091645,-0.371993,0.765610,-0.400890,-0.462909,0.900556,-0.418293,-0.472568,0.490881,-0.431585,-0.536857,0.104432,-0.429586,-0.374355,0.002311,-0.223409,-0.466941,0.893697,-0.254298,-0.486337,0.485607,-0.293407,-0.565830,0.099533,-0.250614,-0.432302,-0.007815,-0.290956,-0.440808,1.529968,-0.299002,-0.278578,1.556810,-0.329654,-0.312376,1.591547,-0.384576,-0.429628,1.581308,-0.276489,-0.307090,1.595410,-0.216614,-0.426643,1.607301,
20200924_07:28:-52.330,-0.307654,-0.465084,0.896986,-0.300252,-0.448510,1.078849,-0.294639,-0.450578,1.224840,-0.292349,-0.453982,1.447216,-0.327248,-0.452348,1.411150,-0.468908,-0.442654,1.375297,-0.531448,-0.487306,1.102828,-0.535749,-0.399294,0.882165,-0.522914,-0.439240,0.792885,-0.494495,-0.380469,0.703488,-0.483716,-0.379263,0.754886,-0.258454,-0.456630,1.409764,-0.127899,-0.462968,1.377111,-0.062299,-0.498039,1.098414,-0.067003,-0.393817,0.881594,-0.075812,-0.415947,0.778084,-0.092255,-0.466361,0.683073,-0.094930,-0.369557,0.764958,-0.400973,-0.463085,0.900602,-0.418902,-0.471642,0.490961,-0.432614,-0.535393,0.104474,-0.431092,-0.372069,0.003699,-0.223503,-0.466886,0.893725,-0.255118,-0.485623,0.485696,-0.294502,-0.564456,0.099551,-0.251829,-0.430245,-0.006963,-0.290642,-0.441537,1.529952,-0.298031,-0.279308,1.556896,-0.329042,-0.312981,1.591428,-0.384482,-0.429940,1.580775,-0.275878,-0.307964,1.595592,-0.216669,-0.427813,1.607704,
20200924_07:28:-52.371,-0.306723,-0.463902,0.898167,-0.298817,-0.447551,1.080035,-0.292824,-0.449665,1.226014,-0.289602,-0.452967,1.448386,-0.324647,-0.451178,1.412467,-0.466472,-0.440397,1.377573,-0.529470,-0.484841,1.105167,-0.533334,-0.396238,0.884725,-0.520710,-0.439092,0.796771,-0.493104,-0.382513,0.705716,-0.481621,-0.378449,0.757114,-0.255879,-0.455802,1.410791,-0.125380,-0.462333,1.377938,-0.060284,-0.495343,1.098862,-0.065872,-0.389592,0.882797,-0.076762,-0.412234,0.779593,-0.093883,-0.463567,0.685193,-0.096409,-0.364977,0.765734,-0.400031,-0.461743,0.902029,-0.419353,-0.469375,0.492422,-0.434497,-0.533250,0.105997,-0.432322,-0.370494,0.004307,-0.222582,-0.465848,0.894685,-0.255709,-0.483820,0.486730,-0.296649,-0.562377,0.100678,-0.253523,-0.428625,-0.006238,-0.287480,-0.440488,1.531109,-0.292656,-0.278544,1.560222,-0.322830,-0.312391,1.595322,-0.379554,-0.428771,1.585046,-0.269519,-0.307847,1.597844,-0.210951,-0.428305,1.606617,
20200924_07:28:-52.415,-0.306257,-0.463228,0.898818,-0.298046,-0.447074,1.080694,-0.291828,-0.449259,1.226666,-0.288029,-0.452575,1.449033,-0.323164,-0.450668,1.413207,-0.465082,-0.439145,1.378925,-0.528329,-0.483381,1.106535,-0.531869,-0.394370,0.886247,-0.519264,-0.439045,0.799198,-0.492181,-0.383495,0.707353,-0.480249,-0.377863,0.758527,-0.254414,-0.455523,1.411348,-0.123944,-0.462141,1.378387,-0.059111,-0.493530,1.099056,-0.065301,-0.386534,0.883615,-0.077523,-0.409470,0.780623,-0.095015,-0.461348,0.686586,-0.097635,-0.361484,0.766355,-0.399558,-0.460943,0.902827,-0.419740,-0.467827,0.493238,-0.435786,-0.531624,0.106827,-0.433155,-0.369178,0.004646,-0.222122,-0.465287,0.895203,-0.256183,-0.482618,0.487287,-0.298096,-0.560810,0.101257,-0.254641,-0.427263,-0.005789,-0.285646,-0.440104,1.531753,-0.289212,-0.278373,1.562282,-0.318850,-0.312328,1.597735,-0.376495,-0.428280,1.587711,-0.265470,-0.308124,1.599170,-0.207473,-0.429001,1.605730,
20200924_07:28:-52.459,-0.306108,-0.462970,0.899060,-0.297828,-0.446928,1.080947,-0.291563,-0.449146,1.226919,-0.287537,-0.452450,1.449287,-0.322707,-0.450475,1.413497,-0.464664,-0.438492,1.379521,-0.527872,-0.482630,1.107101,-0.531058,-0.393371,0.886902,-0.518376,-0.439260,0.800496,-0.491576,-0.384410,0.708146,-0.479392,-0.377729,0.759163,-0.253968,-0.455469,1.411566,-0.123491,-0.462121,1.378626,-0.058631,-0.492441,1.099177,-0.065094,-0.384640,0.884141,-0.078097,-0.407827,0.781299,-0.095717,-0.460107,0.687507,-0.098564,-0.359334,0.766742,-0.399409,-0.460622,0.903100,-0.419869,-0.467049,0.493510,-0.436227,-0.530834,0.107102,-0.433256,-0.368605,0.004578,-0.221975,-0.465088,0.895417,-0.256362,-0.482036,0.487505,-0.298632,-0.560030,0.101465,-0.254910,-0.426622,-0.005651,-0.285043,-0.439976,1.532005,-0.287562,-0.278398,1.563453,-0.316862,-0.312431,1.599113,-0.375095,-0.428104,1.589230,-0.263450,-0.308443,1.599861,-0.205850,-0.429581,1.604997,
20200924_07:28:-52.503,-0.306113,-0.462936,0.899086,-0.297717,-0.446924,1.080974,-0.291361,-0.449127,1.226945,-0.287093,-0.452369,1.449314,-0.322300,-0.450365,1.413561,-0.464299,-0.438112,1.379843,-0.527584,-0.482264,1.107439,-0.530642,-0.392893,0.887278,-0.517925,-0.439607,0.801318,-0.491357,-0.385245,0.708610,-0.478990,-0.377851,0.759510,-0.253568,-0.455438,1.411556,-0.123098,-0.462093,1.378578,-0.058329,-0.491756,1.099032,-0.065087,-0.383472,0.884243,-0.078632,-0.406872,0.781517,-0.096346,-0.459458,0.687911,-0.099374,-0.358037,0.766765,-0.399413,-0.460563,0.903185,-0.420223,-0.466790,0.493601,-0.436934,-0.530663,0.107216,-0.433812,-0.368602,0.004423,-0.221981,-0.465076,0.895391,-0.256749,-0.481874,0.487497,-0.299397,-0.559839,0.101486,-0.255569,-0.426539,-0.005728,-0.284493,-0.439874,1.532026,-0.286322,-0.278396,1.564044,-0.315375,-0.312480,1.599859,-0.373984,-0.427977,1.590123,-0.261948,-0.308624,1.600126,-0.204601,-0.429922,1.604318,
20200924_07:28:-52.504,-0.304851,-0.460302,0.898798,-0.296339,-0.445650,1.080754,-0.290067,-0.449005,1.226675,-0.284355,-0.453475,1.448941,-0.319775,-0.451035,1.413442,-0.461812,-0.435923,1.381220,-0.526361,-0.475670,1.108497,-0.533418,-0.398467,0.883926,-0.516540,-0.431343,0.792477,-0.496921,-0.362837,0.707788,-0.479288,-0.373461,0.760642,-0.251110,-0.456572,1.410954,-0.120633,-0.462844,1.378052,-0.055786,-0.489581,1.098294,-0.061904,-0.380978,0.883706,-0.070907,-0.401300,0.779856,-0.076905,-0.451373,0.683459,-0.097458,-0.363437,0.764655,-0.398098,-0.456882,0.902885,-0.419481,-0.463352,0.493425,-0.436433,-0.525809,0.106906,-0.433097,-0.364221,0.003458,-0.220766,-0.463387,0.895113,-0.256027,-0.480408,0.487361,-0.298923,-0.555866,0.100969,-0.255256,-0.422103,-0.005668,-0.281123,-0.441447,1.531682,-0.288689,-0.281106,1.568086,-0.315324,-0.317281,1.603710,-0.369383,-0.434805,1.592399,-0.262124,-0.311211,1.602677,-0.199775,-0.430054,1.602076,
20200924_07:28:-52.547,-0.304281,-0.459281,0.899486,-0.295116,-0.444893,1.081386,-0.288318,-0.448956,1.227231,-0.281505,-0.452836,1.449422,-0.317097,-0.450583,1.414100,-0.459276,-0.435377,1.382724,-0.525886,-0.469329,1.109786,-0.537367,-0.395125,0.884449,-0.519511,-0.424406,0.791995,-0.506385,-0.356360,0.705729,-0.483603,-0.377134,0.761496,-0.248447,-0.455941,1.411290,-0.118043,-0.461814,1.378156,-0.052759,-0.487175,1.098445,-0.057566,-0.380221,0.883062,-0.069998,-0.410623,0.782095,-0.087601,-0.469272,0.692203,-0.088667,-0.367702,0.763469,-0.397494,-0.455988,0.903922,-0.420128,-0.462769,0.494635,-0.437800,-0.524221,0.108084,-0.434098,-0.364395,0.002030,-0.220227,-0.462250,0.895486,-0.256312,-0.480179,0.487945,-0.299949,-0.555624,0.101732,-0.257320,-0.422770,-0.006379,-0.277900,-0.440588,1.532095,-0.282672,-0.280360,1.569283,-0.311128,-0.316083,1.603919,-0.367607,-0.432189,1.590378,-0.257804,-0.311279,1.604394,-0.198309,-0.431541,1.604762,
20200924_07:28:-52.562,-0.304110,-0.459014,0.899823,-0.294644,-0.444633,1.081669,-0.287591,-0.449033,1.227460,-0.280200,-0.452317,1.449594,-0.315880,-0.450250,1.414365,-0.458135,-0.435135,1.383439,-0.525862,-0.465527,1.110421,-0.540226,-0.393541,0.884584,-0.522009,-0.420445,0.791504,-0.513178,-0.353232,0.704076,-0.485677,-0.379565,0.763192,-0.247238,-0.455433,1.411393,-0.116863,-0.460952,1.378208,-0.051053,-0.485563,1.098617,-0.054904,-0.379898,0.882638,-0.073005,-0.417782,0.785142,-0.101162,-0.481242,0.701446,-0.085834,-0.372663,0.763473,-0.397299,-0.455880,0.904426,-0.420473,-0.463243,0.495268,-0.438317,-0.524368,0.108760,-0.434455,-0.365836,0.000861,-0.220077,-0.461839,0.895673,-0.256416,-0.480757,0.488289,-0.300219,-0.556539,0.102248,-0.258314,-0.424362,-0.006909,-0.276417,-0.439848,1.532207,-0.279625,-0.279747,1.569948,-0.309242,-0.315184,1.603875,-0.367084,-0.430392,1.588776,-0.255886,-0.311146,1.605395,-0.198139,-0.432221,1.606413,
20200924_07:28:-52.603,-0.304126,-0.459084,0.899936,-0.294584,-0.444630,1.081737,-0.287458,-0.449191,1.227490,-0.279840,-0.451978,1.449580,-0.315552,-0.450054,1.414389,-0.457828,-0.435024,1.383658,-0.526091,-0.463173,1.110589,-0.542232,-0.392776,0.884421,-0.523869,-0.418115,0.790951,-0.517824,-0.351664,0.702735,-0.486713,-0.381037,0.764641,-0.246917,-0.455116,1.411360,-0.116542,-0.460408,1.378240,-0.050160,-0.484638,1.098810,-0.053196,-0.379950,0.882395,-0.076540,-0.422569,0.788041,-0.112758,-0.488275,0.709357,-0.085291,-0.376634,0.763984,-0.397298,-0.456058,0.904586,-0.420551,-0.463982,0.495524,-0.438249,-0.525047,0.109077,-0.434231,-0.367437,-0.000093,-0.220108,-0.461813,0.895743,-0.256343,-0.481563,0.488470,-0.299990,-0.557723,0.102566,-0.258515,-0.426041,-0.007296,-0.275997,-0.439326,1.532146,-0.278287,-0.279338,1.570290,-0.308680,-0.314593,1.603698,-0.367329,-0.429210,1.587477,-0.255326,-0.311041,1.605964,-0.198700,-0.432610,1.607428,
20200924_07:28:-52.647,-0.304197,-0.459239,0.899936,-0.294673,-0.444715,1.081699,-0.287556,-0.449364,1.227424,-0.279876,-0.451792,1.449477,-0.315593,-0.449961,1.414300,-0.457862,-0.434964,1.383639,-0.526369,-0.461639,1.110536,-0.543593,-0.392330,0.884156,-0.525175,-0.416639,0.790442,-0.520923,-0.350792,0.701695,-0.487246,-0.381874,0.765692,-0.246966,-0.454955,1.411260,-0.116587,-0.460124,1.378239,-0.049713,-0.484150,1.098961,-0.052091,-0.380153,0.882252,-0.079560,-0.425619,0.790392,-0.121539,-0.492224,0.715442,-0.085545,-0.379456,0.764597,-0.397355,-0.456268,0.904581,-0.420500,-0.464614,0.495593,-0.437962,-0.525681,0.109206,-0.433773,-0.368712,-0.000818,-0.220193,-0.461919,0.895748,-0.256202,-0.482270,0.488558,-0.299607,-0.558720,0.102756,-0.258356,-0.427399,-0.007571,-0.276025,-0.439007,1.532007,-0.277713,-0.279102,1.570402,-0.308634,-0.314222,1.603449,-0.367805,-0.428434,1.586467,-0.255293,-0.310998,1.606232,-0.199429,-0.432889,1.608026,
20200924_07:28:-52.691,-0.302651,-0.457588,0.901060,-0.292520,-0.441251,1.082655,-0.284966,-0.443519,1.228429,-0.277443,-0.445567,1.450514,-0.313142,-0.443879,1.415303,-0.455439,-0.430742,1.383861,-0.524973,-0.459866,1.111238,-0.543633,-0.391978,0.884517,-0.523762,-0.408565,0.789415,-0.507481,-0.337238,0.706470,-0.485773,-0.379457,0.765240,-0.244494,-0.448714,1.412322,-0.114142,-0.453760,1.379118,-0.047858,-0.483512,1.100221,-0.049135,-0.384054,0.881356,-0.072535,-0.426937,0.787146,-0.105205,-0.494595,0.708574,-0.087707,-0.380858,0.764767,-0.395788,-0.454089,0.905941,-0.419874,-0.464783,0.497021,-0.438486,-0.529099,0.111176,-0.434282,-0.371928,0.001407,-0.218665,-0.460743,0.896659,-0.255874,-0.483547,0.489665,-0.300363,-0.560856,0.104117,-0.258024,-0.429173,-0.005392,-0.273683,-0.432637,1.533034,-0.280015,-0.272714,1.570936,-0.307207,-0.308960,1.605994,-0.362229,-0.425774,1.593168,-0.253987,-0.303379,1.605383,-0.192779,-0.422697,1.604036,
20200924_07:28:-52.735,-0.301772,-0.456749,0.901505,-0.291441,-0.439518,1.083027,-0.283744,-0.440508,1.228825,-0.276610,-0.442821,1.450946,-0.312254,-0.441164,1.415671,-0.454523,-0.429233,1.383545,-0.524341,-0.459290,1.111061,-0.543621,-0.391683,0.884278,-0.521311,-0.403386,0.788978,-0.496743,-0.328851,0.711028,-0.483863,-0.377420,0.765009,-0.243583,-0.445851,1.412805,-0.113186,-0.450719,1.379688,-0.046671,-0.483665,1.101170,-0.046748,-0.386953,0.881043,-0.067687,-0.428800,0.785779,-0.094030,-0.497032,0.705332,-0.088585,-0.383891,0.764961,-0.394906,-0.452979,0.906447,-0.419121,-0.464511,0.497509,-0.438013,-0.530327,0.111883,-0.433680,-0.372937,0.002396,-0.217789,-0.460149,0.897048,-0.255307,-0.483926,0.490089,-0.300053,-0.561296,0.104535,-0.256844,-0.429367,-0.004370,-0.273023,-0.429986,1.533499,-0.282857,-0.270031,1.570598,-0.307616,-0.306830,1.606874,-0.359471,-0.425369,1.596837,-0.254645,-0.299636,1.604254,-0.189890,-0.417058,1.601396,
20200924_07:28:-52.736,-0.299259,-0.452705,0.901891,-0.289605,-0.437208,1.083642,-0.282193,-0.439946,1.229460,-0.277027,-0.443545,1.451659,-0.312368,-0.441797,1.416070,-0.454460,-0.430286,1.382903,-0.523896,-0.462039,1.110460,-0.542742,-0.393899,0.883754,-0.519336,-0.402209,0.788342,-0.495013,-0.321724,0.716436,-0.482640,-0.374544,0.764868,-0.243646,-0.446241,1.413789,-0.113097,-0.449962,1.381021,-0.043975,-0.480709,1.102831,-0.041958,-0.385775,0.881892,-0.052970,-0.420940,0.782336,-0.064219,-0.484413,0.694756,-0.081065,-0.379403,0.764530,-0.392473,-0.450662,0.906668,-0.416731,-0.459707,0.497594,-0.434696,-0.524750,0.111718,-0.431659,-0.366267,0.003710,-0.215203,-0.454547,0.897584,-0.252914,-0.479751,0.490653,-0.296111,-0.553750,0.104186,-0.254966,-0.420113,-0.003482,-0.274217,-0.431182,1.534330,-0.283310,-0.270662,1.569248,-0.309059,-0.306790,1.605525,-0.361781,-0.425017,1.596015,-0.255977,-0.300087,1.603791,-0.192213,-0.418113,1.603591,
20200924_07:28:-52.779,-0.298165,-0.450864,0.901993,-0.288903,-0.436377,1.083878,-0.281669,-0.440160,1.229705,-0.277799,-0.444416,1.451957,-0.312937,-0.442539,1.416163,-0.454883,-0.430923,1.382304,-0.524178,-0.463879,1.109919,-0.542562,-0.395551,0.883190,-0.518448,-0.401765,0.787778,-0.494155,-0.317706,0.720043,-0.482181,-0.373077,0.764649,-0.244194,-0.447025,1.414269,-0.113556,-0.450394,1.381724,-0.042817,-0.480136,1.103782,-0.039109,-0.386592,0.882228,-0.045618,-0.417324,0.780808,-0.048641,-0.476773,0.689779,-0.078210,-0.378949,0.764625,-0.391416,-0.449702,0.906649,-0.415746,-0.457429,0.497483,-0.433269,-0.522287,0.111489,-0.430655,-0.363197,0.004309,-0.214077,-0.451911,0.897794,-0.251922,-0.478379,0.490886,-0.294330,-0.550381,0.103886,-0.254194,-0.415845,-0.003090,-0.275462,-0.432297,1.534693,-0.283529,-0.271356,1.568018,-0.310038,-0.306919,1.604322,-0.363713,-0.424777,1.595271,-0.256872,-0.300703,1.603164,-0.194164,-0.419307,1.604824,
20200924_07:28:-52.798,-0.297909,-0.450371,0.901967,-0.288800,-0.436303,1.083920,-0.281640,-0.440580,1.229760,-0.278561,-0.444940,1.452056,-0.313572,-0.442928,1.416135,-0.455403,-0.430876,1.381851,-0.524811,-0.464856,1.109575,-0.542776,-0.396698,0.882723,-0.518231,-0.401736,0.787336,-0.493766,-0.315578,0.722329,-0.482173,-0.372497,0.764400,-0.244829,-0.447647,1.414478,-0.114149,-0.451215,1.382038,-0.042524,-0.480924,1.104273,-0.037487,-0.388657,0.882171,-0.041961,-0.416810,0.779879,-0.040480,-0.473581,0.687099,-0.077282,-0.380849,0.764596,-0.391181,-0.449518,0.906570,-0.415725,-0.456932,0.497349,-0.433270,-0.522218,0.111367,-0.430512,-0.362892,0.004488,-0.213803,-0.451139,0.897815,-0.251931,-0.478978,0.490962,-0.294163,-0.550126,0.103724,-0.254348,-0.415274,-0.003017,-0.276472,-0.432860,1.534817,-0.283341,-0.271574,1.566842,-0.310444,-0.306619,1.603222,-0.365116,-0.424077,1.594675,-0.257209,-0.300887,1.602419,-0.195575,-0.420049,1.605469,
20200924_07:28:-52.839,-0.298014,-0.450485,0.901908,-0.288931,-0.436507,1.083895,-0.281791,-0.440960,1.229751,-0.279185,-0.445137,1.452087,-0.314118,-0.443009,1.416087,-0.455861,-0.430432,1.381545,-0.525492,-0.465271,1.109394,-0.543112,-0.397452,0.882380,-0.518307,-0.401866,0.787015,-0.493584,-0.314471,0.723752,-0.482335,-0.372348,0.764170,-0.245382,-0.448020,1.414576,-0.114687,-0.452010,1.382171,-0.042604,-0.482156,1.104530,-0.036563,-0.391005,0.881957,-0.040101,-0.417723,0.779230,-0.036086,-0.472844,0.685517,-0.077088,-0.383461,0.764466,-0.391299,-0.449654,0.906500,-0.416108,-0.457280,0.497242,-0.433895,-0.523260,0.111335,-0.430762,-0.363900,0.004470,-0.213895,-0.451236,0.897767,-0.252366,-0.480383,0.490981,-0.294723,-0.551325,0.103663,-0.254887,-0.416457,-0.003089,-0.277214,-0.432991,1.534853,-0.282948,-0.271433,1.565830,-0.310504,-0.306036,1.602308,-0.366077,-0.423124,1.594243,-0.257214,-0.300731,1.601720,-0.196538,-0.420372,1.605814,
20200924_07:28:-52.883,-0.298200,-0.450759,0.901859,-0.289089,-0.436723,1.083863,-0.281943,-0.441199,1.229736,-0.279619,-0.445100,1.452108,-0.314505,-0.442884,1.416059,-0.456185,-0.429830,1.381358,-0.526055,-0.465357,1.109321,-0.543412,-0.397901,0.882147,-0.518448,-0.401994,0.786796,-0.493471,-0.313862,0.724643,-0.482504,-0.372341,0.763988,-0.245779,-0.448163,1.414636,-0.115079,-0.452596,1.382235,-0.042770,-0.483305,1.104679,-0.036002,-0.393061,0.881725,-0.039098,-0.418986,0.778766,-0.033608,-0.473113,0.684534,-0.077121,-0.385881,0.764314,-0.391495,-0.449839,0.906458,-0.416557,-0.457865,0.497171,-0.434640,-0.524558,0.111351,-0.431104,-0.365248,0.004381,-0.214071,-0.451588,0.897712,-0.252869,-0.481849,0.490987,-0.295447,-0.552882,0.103659,-0.255472,-0.418113,-0.003204,-0.277700,-0.432855,1.534871,-0.282495,-0.271092,1.565040,-0.310381,-0.305343,1.601611,-0.366682,-0.422128,1.593956,-0.257050,-0.300379,1.601154,-0.197143,-0.420398,1.606016,
20200924_07:28:-52.927,-0.298348,-0.450989,0.901830,-0.289206,-0.436877,1.083847,-0.282048,-0.441339,1.229737,-0.279899,-0.445007,1.452139,-0.314757,-0.442731,1.416058,-0.456396,-0.429330,1.381255,-0.526454,-0.465357,1.109299,-0.543633,-0.398187,0.881998,-0.518567,-0.402094,0.786655,-0.493399,-0.313495,0.725224,-0.482633,-0.372364,0.763864,-0.246037,-0.448206,1.414692,-0.115334,-0.452977,1.382287,-0.042896,-0.484144,1.104781,-0.035634,-0.394557,0.881549,-0.038505,-0.420022,0.778457,-0.032109,-0.473532,0.683916,-0.077192,-0.387703,0.764200,-0.391652,-0.449986,0.906438,-0.416908,-0.458361,0.497124,-0.435228,-0.525611,0.111367,-0.431389,-0.366356,0.004287,-0.214211,-0.451894,0.897674,-0.253259,-0.482978,0.490989,-0.296025,-0.554145,0.103660,-0.255927,-0.419474,-0.003312,-0.278007,-0.432676,1.534899,-0.282130,-0.270771,1.564497,-0.310242,-0.304770,1.601138,-0.367061,-0.421340,1.593784,-0.256882,-0.300048,1.600765,-0.197520,-0.420331,1.606163,
20200924_07:28:-52.975,-0.298433,-0.451127,0.901817,-0.289248,-0.436903,1.083842,-0.282072,-0.441306,1.229747,-0.280022,-0.444740,1.452178,-0.314863,-0.442422,1.416076,-0.456476,-0.428744,1.381212,-0.526701,-0.465175,1.109322,-0.543755,-0.398268,0.881909,-0.518628,-0.402096,0.786568,-0.493302,-0.313219,0.725586,-0.482689,-0.372334,0.763774,-0.246148,-0.448058,1.414744,-0.115446,-0.453118,1.382326,-0.042957,-0.484718,1.104851,-0.035350,-0.395650,0.881396,-0.038114,-0.420868,0.778229,-0.031171,-0.474015,0.683510,-0.077224,-0.389070,0.764093,-0.391745,-0.450028,0.906440,-0.417170,-0.458770,0.497102,-0.435710,-0.526523,0.111403,-0.431613,-0.367339,0.004191,-0.214289,-0.452118,0.897649,-0.253553,-0.483879,0.490994,-0.296509,-0.555259,0.103685,-0.256281,-0.420703,-0.003414,-0.278135,-0.432323,1.534934,-0.281740,-0.270308,1.564093,-0.310013,-0.304117,1.600796,-0.367228,-0.420523,1.593689,-0.256632,-0.299577,1.600474,-0.197681,-0.420059,1.606265,
20200924_07:28:-52.976,-0.298468,-0.451187,0.901814,-0.289283,-0.436961,1.083856,-0.282106,-0.441385,1.229774,-0.280142,-0.444759,1.452227,-0.314970,-0.442421,1.416108,-0.456575,-0.428636,1.381193,-0.526862,-0.465262,1.109318,-0.543854,-0.398442,0.881853,-0.518674,-0.402158,0.786513,-0.493293,-0.313051,0.725870,-0.482748,-0.372341,0.763734,-0.246254,-0.448117,1.414803,-0.115542,-0.453270,1.382386,-0.042970,-0.484992,1.104920,-0.035168,-0.396165,0.881352,-0.037844,-0.421185,0.778124,-0.030503,-0.474049,0.683266,-0.077254,-0.389757,0.764076,-0.391789,-0.450088,0.906437,-0.417280,-0.458913,0.497067,-0.435883,-0.526845,0.111366,-0.431709,-0.367657,0.004133,-0.214317,-0.452178,0.897646,-0.253663,-0.484240,0.490984,-0.296660,-0.555620,0.103642,-0.256423,-0.421065,-0.003481,-0.278275,-0.432319,1.534988,-0.281644,-0.270245,1.563926,-0.310007,-0.303960,1.600654,-0.367409,-0.420295,1.593653,-0.256614,-0.299507,1.600372,-0.197857,-0.420087,1.606380,
20200924_07:28:-53.019,-0.298292,-0.450516,0.901879,-0.288799,-0.436133,1.083886,-0.281455,-0.439363,1.229823,-0.278983,-0.442629,1.452264,-0.313870,-0.439910,1.416231,-0.455375,-0.424800,1.381482,-0.526439,-0.462154,1.109918,-0.542016,-0.394128,0.882717,-0.520547,-0.399624,0.786562,-0.492368,-0.309929,0.728068,-0.483582,-0.370256,0.762477,-0.245229,-0.446400,1.414761,-0.114697,-0.454087,1.382141,-0.039377,-0.486610,1.105510,-0.024494,-0.403288,0.880197,-0.025873,-0.438672,0.780025,-0.028671,-0.482568,0.680470,-0.070138,-0.389841,0.757731,-0.391595,-0.448823,0.906611,-0.417151,-0.458210,0.497271,-0.436275,-0.525461,0.111489,-0.431323,-0.366394,0.004121,-0.214156,-0.452043,0.897611,-0.252945,-0.480503,0.490642,-0.297651,-0.556448,0.104376,-0.256435,-0.423369,-0.004200,-0.276769,-0.430164,1.535010,-0.280214,-0.268125,1.564108,-0.307799,-0.301964,1.601309,-0.364891,-0.418499,1.595250,-0.254437,-0.297316,1.600085,-0.195147,-0.417681,1.604973,
20200924_07:28:-53.030,-0.298440,-0.449573,0.901418,-0.288882,-0.433772,1.083338,-0.281746,-0.436547,1.229321,-0.278971,-0.439853,1.451799,-0.313882,-0.436693,1.415813,-0.455323,-0.419931,1.381449,-0.525996,-0.457297,1.109730,-0.539836,-0.389831,0.882204,-0.520931,-0.396566,0.785572,-0.489820,-0.306275,0.729490,-0.482758,-0.367795,0.760765,-0.245319,-0.444047,1.414237,-0.114904,-0.453757,1.381585,-0.038751,-0.483970,1.104866,-0.025071,-0.387108,0.884907,-0.030390,-0.440428,0.793141,-0.052223,-0.480327,0.694238,-0.076641,-0.392099,0.763053,-0.391726,-0.446354,0.906039,-0.417372,-0.458722,0.496708,-0.437567,-0.527313,0.111143,-0.431103,-0.368476,0.003451,-0.214320,-0.452475,0.897250,-0.253161,-0.481568,0.490255,-0.299273,-0.559788,0.104534,-0.257142,-0.427837,-0.005114,-0.276472,-0.427416,1.534557,-0.280643,-0.265494,1.564369,-0.307745,-0.299656,1.601645,-0.364208,-0.416521,1.595534,-0.254413,-0.294688,1.600030,-0.194372,-0.414742,1.603954,
20200924_07:28:-53.071,-0.298406,-0.449376,0.901161,-0.288719,-0.432950,1.083058,-0.281620,-0.435684,1.229074,-0.278403,-0.439406,1.451587,-0.313376,-0.435957,1.415672,-0.454852,-0.418330,1.381756,-0.525602,-0.455598,1.109982,-0.538869,-0.388516,0.882256,-0.522147,-0.396460,0.785292,-0.488533,-0.305503,0.731743,-0.483131,-0.369547,0.759694,-0.244850,-0.443749,1.413939,-0.114528,-0.454604,1.381158,-0.037659,-0.482406,1.104320,-0.024627,-0.375938,0.888750,-0.031575,-0.438456,0.803073,-0.067162,-0.470277,0.705214,-0.079995,-0.390442,0.767895,-0.391684,-0.445409,0.905770,-0.417548,-0.459197,0.496412,-0.438475,-0.528360,0.110904,-0.431003,-0.369734,0.002894,-0.214293,-0.452952,0.897004,-0.253272,-0.481707,0.489911,-0.300337,-0.560580,0.104353,-0.257751,-0.429004,-0.005629,-0.275652,-0.427131,1.534379,-0.278596,-0.265606,1.566588,-0.305422,-0.300175,1.603708,-0.362587,-0.416672,1.596606,-0.252077,-0.295456,1.601501,-0.192616,-0.415886,1.602940,
20200924_07:28:-53.115,-0.298369,-0.449037,0.899791,-0.289236,-0.433332,1.081838,-0.282806,-0.435989,1.227932,-0.279929,-0.440018,1.450513,-0.314829,-0.436191,1.414543,-0.456038,-0.417796,1.379737,-0.526134,-0.454708,1.107654,-0.538203,-0.389164,0.879337,-0.520566,-0.389325,0.782179,-0.485107,-0.298680,0.729223,-0.482836,-0.368473,0.757936,-0.246357,-0.444636,1.412893,-0.116401,-0.455657,1.378578,-0.037678,-0.489192,1.102805,-0.019707,-0.388225,0.884874,-0.027412,-0.450156,0.798795,-0.075457,-0.437844,0.701828,-0.076191,-0.386575,0.763307,-0.391617,-0.443546,0.903996,-0.416489,-0.458274,0.494481,-0.437800,-0.527433,0.108870,-0.428314,-0.367849,0.002336,-0.214282,-0.453988,0.896000,-0.252640,-0.480625,0.488577,-0.299844,-0.558480,0.102702,-0.255241,-0.425775,-0.005193,-0.277174,-0.427870,1.533349,-0.278747,-0.265528,1.561566,-0.305809,-0.298957,1.599575,-0.363955,-0.415156,1.595428,-0.252414,-0.294733,1.597184,-0.193922,-0.415613,1.601527,
20200924_07:28:-53.163,-0.297971,-0.449120,0.898618,-0.288421,-0.433960,1.080756,-0.281700,-0.437518,1.226872,-0.277282,-0.441893,1.449502,-0.312435,-0.437933,1.413769,-0.453753,-0.418389,1.379815,-0.525424,-0.455038,1.107998,-0.537571,-0.390386,0.879341,-0.522898,-0.398305,0.781977,-0.472882,-0.327320,0.713080,-0.481417,-0.366944,0.754259,-0.243970,-0.446529,1.411629,-0.114159,-0.457652,1.376614,-0.038526,-0.493321,1.100135,-0.021688,-0.393733,0.881382,-0.029922,-0.457233,0.796456,-0.075348,-0.414461,0.707134,-0.076365,-0.380115,0.760538,-0.391238,-0.443543,0.903044,-0.416404,-0.460054,0.493465,-0.438656,-0.525013,0.107032,-0.429941,-0.365449,0.000274,-0.213867,-0.454149,0.894627,-0.252751,-0.479968,0.487050,-0.300703,-0.555964,0.100748,-0.255800,-0.422682,-0.006413,-0.273922,-0.429871,1.532365,-0.276750,-0.267960,1.563185,-0.302741,-0.302294,1.601167,-0.359697,-0.419104,1.596253,-0.249429,-0.297429,1.597856,-0.189523,-0.417741,1.599205,
20200924_07:28:-53.163,-0.298884,-0.449503,0.899044,-0.289482,-0.433592,1.081204,-0.282861,-0.435176,1.227421,-0.278600,-0.439675,1.450146,-0.313740,-0.435664,1.414376,-0.455157,-0.416491,1.380356,-0.526075,-0.455329,1.108521,-0.538440,-0.393568,0.878973,-0.530025,-0.412682,0.782382,-0.475701,-0.345971,0.712410,-0.479246,-0.363681,0.754157,-0.245252,-0.444322,1.412278,-0.115557,-0.456224,1.376870,-0.038888,-0.492738,1.100658,-0.021062,-0.391580,0.882593,-0.034016,-0.457043,0.799714,-0.071790,-0.405640,0.711327,-0.072600,-0.376546,0.761469,-0.392170,-0.443479,0.903333,-0.416484,-0.462463,0.493636,-0.438566,-0.525917,0.106774,-0.430134,-0.365176,0.001626,-0.214764,-0.454936,0.895177,-0.253415,-0.481825,0.487472,-0.300890,-0.557914,0.100957,-0.255648,-0.424284,-0.005752,-0.275286,-0.427696,1.533053,-0.278668,-0.265339,1.561779,-0.304787,-0.299260,1.600080,-0.361459,-0.416313,1.596373,-0.251448,-0.294304,1.596985,-0.191234,-0.414490,1.600201,
20200924_07:28:-53.207,-0.298995,-0.450170,0.899778,-0.290080,-0.433719,1.081992,-0.283895,-0.435040,1.228292,-0.279895,-0.438330,1.451138,-0.315000,-0.434437,1.415291,-0.456330,-0.415437,1.380552,-0.526451,-0.455542,1.108569,-0.538192,-0.395039,0.878550,-0.532538,-0.425000,0.784504,-0.479796,-0.359213,0.712404,-0.475681,-0.361459,0.756817,-0.246500,-0.443260,1.413318,-0.116996,-0.455440,1.377097,-0.040094,-0.496110,1.101404,-0.022330,-0.396570,0.882478,-0.035423,-0.461256,0.798956,-0.070225,-0.395889,0.718909,-0.073157,-0.374944,0.762191,-0.392318,-0.443927,0.903780,-0.415823,-0.464021,0.493914,-0.437364,-0.527079,0.106789,-0.429500,-0.367121,0.000263,-0.214841,-0.455799,0.896169,-0.252910,-0.482104,0.488197,-0.299886,-0.558881,0.101586,-0.254909,-0.425973,-0.006256,-0.276647,-0.425898,1.534017,-0.280087,-0.263655,1.563753,-0.306832,-0.297776,1.601475,-0.363723,-0.414725,1.596205,-0.253421,-0.292919,1.599169,-0.193495,-0.413310,1.602464,
20200924_07:28:-53.232,-0.300051,-0.451511,0.898796,-0.290643,-0.433986,1.080951,-0.284140,-0.434977,1.227292,-0.279984,-0.437074,1.450228,-0.315125,-0.433350,1.414373,-0.456551,-0.414382,1.379787,-0.526375,-0.454665,1.107649,-0.538860,-0.395805,0.877156,-0.535832,-0.433793,0.785892,-0.483324,-0.369860,0.711919,-0.473091,-0.364401,0.758318,-0.246607,-0.442228,1.412399,-0.116963,-0.454556,1.376553,-0.040461,-0.493295,1.100363,-0.021387,-0.395333,0.880742,-0.034074,-0.459422,0.796651,-0.067990,-0.385667,0.723783,-0.073505,-0.372245,0.761921,-0.393380,-0.444984,0.902988,-0.417111,-0.466328,0.493052,-0.439101,-0.530340,0.105968,-0.431783,-0.369501,0.000611,-0.215892,-0.457397,0.895016,-0.253981,-0.483314,0.486874,-0.301660,-0.562935,0.100780,-0.257688,-0.429758,-0.007247,-0.276670,-0.424195,1.533067,-0.279674,-0.261978,1.563315,-0.306800,-0.296128,1.600769,-0.364128,-0.412878,1.594758,-0.253339,-0.291469,1.598817,-0.193879,-0.412144,1.602106,
20200924_07:28:-53.275,-0.300173,-0.451327,0.899594,-0.291220,-0.434139,1.081850,-0.284902,-0.435649,1.228233,-0.280631,-0.437793,1.451223,-0.315832,-0.434416,1.415375,-0.457362,-0.416782,1.380352,-0.526504,-0.456919,1.107943,-0.539737,-0.397588,0.877549,-0.539020,-0.436699,0.786686,-0.484683,-0.373120,0.713692,-0.471746,-0.365044,0.761161,-0.247210,-0.442590,1.413368,-0.117576,-0.453514,1.376906,-0.042202,-0.489369,1.099940,-0.023728,-0.388368,0.881581,-0.034363,-0.455296,0.799403,-0.066659,-0.378045,0.729437,-0.074665,-0.368565,0.761962,-0.393608,-0.446004,0.903682,-0.417529,-0.467414,0.493655,-0.438822,-0.530907,0.106344,-0.431880,-0.369938,0.001071,-0.215919,-0.456127,0.895908,-0.253321,-0.480235,0.487486,-0.300293,-0.560182,0.101268,-0.257128,-0.427743,-0.008056,-0.277414,-0.424911,1.534087,-0.279590,-0.262831,1.565353,-0.307350,-0.297033,1.602314,-0.365448,-0.413362,1.594958,-0.253826,-0.292741,1.600944,-0.195239,-0.413885,1.604071,
20200924_07:28:-53.319,-0.298630,-0.450580,0.900550,-0.290217,-0.432791,1.082832,-0.284490,-0.433430,1.229291,-0.281541,-0.435877,1.452369,-0.316509,-0.432120,1.416309,-0.457867,-0.414107,1.380601,-0.525995,-0.454604,1.107898,-0.538615,-0.395406,0.877359,-0.537335,-0.439343,0.788701,-0.484858,-0.375516,0.714519,-0.468986,-0.363965,0.763150,-0.247936,-0.440951,1.414692,-0.117985,-0.453488,1.379752,-0.042135,-0.490583,1.102985,-0.018072,-0.392162,0.883911,-0.029511,-0.455346,0.798884,-0.062324,-0.374225,0.733645,-0.068585,-0.362951,0.764991,-0.392038,-0.444117,0.904230,-0.415442,-0.465949,0.494067,-0.436911,-0.531222,0.106938,-0.429271,-0.370303,0.001528,-0.214399,-0.456408,0.897231,-0.250833,-0.479324,0.488524,-0.299126,-0.562106,0.102940,-0.254227,-0.429899,-0.006058,-0.278684,-0.423119,1.535291,-0.277950,-0.261237,1.567892,-0.306334,-0.295247,1.604584,-0.366530,-0.410485,1.596277,-0.252724,-0.291905,1.603248,-0.196307,-0.414142,1.605383,
20200924_07:28:-53.368,-0.299648,-0.449575,0.900278,-0.291195,-0.430739,1.082528,-0.285493,-0.430969,1.229048,-0.282100,-0.432764,1.452217,-0.317142,-0.428998,1.416202,-0.458575,-0.410761,1.380657,-0.527363,-0.455161,1.108608,-0.537688,-0.390382,0.879359,-0.537299,-0.437593,0.792346,-0.488629,-0.375398,0.714220,-0.470292,-0.366399,0.762612,-0.248574,-0.438062,1.414472,-0.118510,-0.451536,1.380096,-0.044662,-0.488282,1.102620,-0.022867,-0.380111,0.887839,-0.039975,-0.446355,0.806103,-0.067659,-0.370876,0.732213,-0.071430,-0.361186,0.765956,-0.393083,-0.442926,0.903925,-0.416235,-0.466848,0.493697,-0.437714,-0.530933,0.106207,-0.429963,-0.369566,0.001349,-0.215394,-0.455572,0.896990,-0.251589,-0.478866,0.488116,-0.300394,-0.563327,0.102794,-0.255088,-0.430714,-0.005656,-0.279032,-0.419765,1.535129,-0.280730,-0.258049,1.568838,-0.308331,-0.292777,1.605491,-0.366717,-0.408972,1.596774,-0.254772,-0.288549,1.603840,-0.196333,-0.409908,1.604789,
20200924_07:28:-53.368,-0.300295,-0.449106,0.899827,-0.291806,-0.429797,1.082093,-0.286096,-0.429915,1.228666,-0.282388,-0.431511,1.451913,-0.317492,-0.427760,1.415930,-0.459022,-0.409606,1.380511,-0.528092,-0.456621,1.108864,-0.537164,-0.388215,0.880527,-0.537245,-0.437845,0.794828,-0.491273,-0.377597,0.713549,-0.471011,-0.367938,0.762855,-0.248905,-0.436861,1.414112,-0.118722,-0.450545,1.380079,-0.046004,-0.486017,1.102029,-0.025851,-0.370690,0.890741,-0.047080,-0.438497,0.811231,-0.072560,-0.367364,0.732348,-0.074644,-0.358143,0.768176,-0.393763,-0.442439,0.903474,-0.416823,-0.467298,0.493146,-0.438302,-0.530302,0.105334,-0.430810,-0.368645,0.000776,-0.216011,-0.455118,0.896538,-0.252075,-0.478126,0.487486,-0.301126,-0.562952,0.102127,-0.255683,-0.429630,-0.005500,-0.279196,-0.418434,1.534839,-0.281971,-0.256682,1.568601,-0.309161,-0.291636,1.605378,-0.366726,-0.408311,1.596885,-0.255623,-0.287002,1.603497,-0.196244,-0.407961,1.604170,
20200924_07:28:-53.411,-0.301153,-0.449596,0.899210,-0.293235,-0.428905,1.081362,-0.287848,-0.429032,1.227958,-0.283921,-0.429953,1.451219,-0.319111,-0.426830,1.415256,-0.460990,-0.409446,1.380817,-0.528462,-0.457065,1.108855,-0.538452,-0.390465,0.880007,-0.538482,-0.440273,0.794403,-0.492895,-0.380580,0.712491,-0.471635,-0.364496,0.764371,-0.250393,-0.434903,1.413400,-0.119786,-0.447391,1.380514,-0.047153,-0.482239,1.102343,-0.034393,-0.359787,0.894499,-0.050823,-0.428139,0.814314,-0.078945,-0.365441,0.729394,-0.079355,-0.353160,0.769532,-0.394711,-0.444105,0.902653,-0.417207,-0.469495,0.492300,-0.437378,-0.532418,0.104377,-0.431400,-0.371098,-0.000822,-0.216787,-0.454547,0.896106,-0.252364,-0.478731,0.487051,-0.300013,-0.565401,0.101899,-0.255763,-0.432687,-0.006988,-0.280853,-0.416598,1.534111,-0.281207,-0.254122,1.564383,-0.308485,-0.287918,1.602171,-0.367636,-0.403991,1.596762,-0.254909,-0.284028,1.599677,-0.197089,-0.405721,1.602407,
20200924_07:28:-53.430,-0.302103,-0.448602,0.899843,-0.294554,-0.430058,1.082193,-0.289365,-0.431370,1.228752,-0.286272,-0.433603,1.451960,-0.321351,-0.430670,1.415890,-0.463072,-0.414722,1.380291,-0.528727,-0.456532,1.107009,-0.537057,-0.381705,0.880714,-0.540118,-0.434471,0.796989,-0.493588,-0.386189,0.708396,-0.471702,-0.362242,0.762187,-0.252555,-0.437932,1.414251,-0.121664,-0.448554,1.381987,-0.049894,-0.483695,1.103707,-0.041107,-0.365215,0.893441,-0.055609,-0.429067,0.809309,-0.081800,-0.361691,0.727447,-0.085437,-0.349978,0.770040,-0.395664,-0.443541,0.903201,-0.417562,-0.462672,0.492582,-0.435936,-0.523647,0.104364,-0.432977,-0.363393,-0.002486,-0.217735,-0.453165,0.896814,-0.253352,-0.474347,0.487704,-0.299189,-0.556953,0.101546,-0.255899,-0.424683,-0.008190,-0.283675,-0.420720,1.534920,-0.279987,-0.258828,1.567750,-0.308716,-0.292425,1.604605,-0.370943,-0.406683,1.596536,-0.255037,-0.289987,1.602919,-0.200651,-0.413234,1.604519,
20200924_07:28:-53.471,-0.302986,-0.450012,0.899870,-0.295142,-0.430788,1.082064,-0.289863,-0.431792,1.228563,-0.287152,-0.432163,1.451696,-0.322150,-0.429454,1.415558,-0.463789,-0.412736,1.380233,-0.530468,-0.453687,1.107188,-0.539106,-0.386212,0.878705,-0.544023,-0.442074,0.797151,-0.500211,-0.394660,0.706777,-0.476206,-0.361862,0.760750,-0.253395,-0.436882,1.414098,-0.122327,-0.447685,1.382856,-0.050369,-0.478661,1.104251,-0.044565,-0.368442,0.889547,-0.061124,-0.414776,0.795019,-0.080520,-0.334398,0.723741,-0.086131,-0.347657,0.768512,-0.396463,-0.444172,0.903278,-0.418295,-0.457439,0.492591,-0.436254,-0.523372,0.105324,-0.433214,-0.366757,-0.006658,-0.218695,-0.455277,0.896796,-0.254502,-0.476609,0.487876,-0.300112,-0.558949,0.101799,-0.257937,-0.428648,-0.010578,-0.284666,-0.418598,1.534517,-0.275064,-0.257735,1.570708,-0.305017,-0.291005,1.606842,-0.371363,-0.402664,1.596402,-0.251305,-0.290504,1.605199,-0.201499,-0.415620,1.604216,
20200924_07:28:-53.515,-0.307001,-0.450219,0.902208,-0.296913,-0.431046,1.084278,-0.290135,-0.430901,1.230705,-0.286140,-0.430189,1.453797,-0.321319,-0.427379,1.417851,-0.462911,-0.410514,1.382463,-0.533281,-0.452237,1.110492,-0.541324,-0.379427,0.883655,-0.549411,-0.437984,0.804285,-0.514376,-0.376652,0.718590,-0.482158,-0.352827,0.768380,-0.252642,-0.435364,1.416033,-0.122086,-0.447753,1.383328,-0.052325,-0.478644,1.104184,-0.051084,-0.367384,0.889969,-0.067841,-0.422886,0.800565,-0.086183,-0.345552,0.725744,-0.094119,-0.348963,0.768863,-0.400258,-0.442067,0.906516,-0.422031,-0.447993,0.495694,-0.441464,-0.517313,0.109129,-0.438371,-0.362229,-0.004932,-0.222908,-0.457570,0.898322,-0.259774,-0.478062,0.489493,-0.307456,-0.559168,0.103444,-0.263938,-0.429597,-0.009238,-0.283068,-0.416236,1.536525,-0.275756,-0.255875,1.575313,-0.304371,-0.290313,1.611429,-0.368813,-0.403004,1.600325,-0.250725,-0.288767,1.608764,-0.198634,-0.412871,1.604649,
20200924_07:28:-53.559,-0.310408,-0.450647,0.903938,-0.298455,-0.431239,1.085937,-0.290301,-0.429909,1.232339,-0.285705,-0.428506,1.455495,-0.320984,-0.425702,1.419621,-0.462588,-0.408906,1.384031,-0.534983,-0.451036,1.112550,-0.542677,-0.375111,0.886636,-0.552536,-0.436684,0.809744,-0.524273,-0.368097,0.727049,-0.485901,-0.349409,0.772825,-0.252312,-0.433903,1.417644,-0.122175,-0.446979,1.383380,-0.057445,-0.474363,1.102557,-0.057339,-0.364311,0.887620,-0.077526,-0.421937,0.800246,-0.079693,-0.336091,0.732798,-0.097133,-0.328791,0.771979,-0.403528,-0.441119,0.909038,-0.424349,-0.441161,0.497978,-0.445169,-0.513938,0.111980,-0.439068,-0.358842,-0.002058,-0.226438,-0.459239,0.899340,-0.263171,-0.479471,0.490340,-0.312409,-0.561106,0.104454,-0.268076,-0.430449,-0.006745,-0.282368,-0.414297,1.538199,-0.278426,-0.253480,1.575820,-0.306582,-0.288214,1.612045,-0.368760,-0.402268,1.601427,-0.252943,-0.285634,1.609675,-0.198388,-0.408762,1.606802,
20200924_07:28:-53.603,-0.311779,-0.449672,0.906175,-0.300279,-0.428690,1.087970,-0.292541,-0.426517,1.234340,-0.287747,-0.421882,1.457378,-0.323081,-0.420009,1.421520,-0.464448,-0.404083,1.384798,-0.536685,-0.449871,1.113959,-0.544758,-0.376460,0.887306,-0.555776,-0.433552,0.807220,-0.526101,-0.357202,0.732228,-0.487810,-0.347580,0.774198,-0.254339,-0.427418,1.419583,-0.124488,-0.440107,1.384266,-0.063522,-0.462089,1.102222,-0.066865,-0.347524,0.889766,-0.087906,-0.399413,0.799101,-0.093903,-0.359645,0.697618,-0.101528,-0.317762,0.772925,-0.404877,-0.440054,0.910954,-0.422859,-0.436206,0.499905,-0.440547,-0.513430,0.114739,-0.436734,-0.360336,-0.001971,-0.227828,-0.458343,0.901865,-0.262354,-0.479619,0.492854,-0.309640,-0.566785,0.108061,-0.266489,-0.436650,-0.004124,-0.284500,-0.406462,1.539843,-0.279940,-0.244389,1.571268,-0.310446,-0.277244,1.607315,-0.373778,-0.390728,1.597986,-0.256739,-0.275501,1.607618,-0.204080,-0.399348,1.612399,
20200924_07:28:-53.604,-0.312933,-0.446703,0.906331,-0.301824,-0.424588,1.087869,-0.294345,-0.421669,1.234122,-0.290880,-0.416325,1.456992,-0.326017,-0.415250,1.420964,-0.467374,-0.401412,1.383825,-0.537964,-0.449793,1.113240,-0.547117,-0.378033,0.886300,-0.562922,-0.432727,0.805442,-0.529305,-0.354328,0.734467,-0.492613,-0.343308,0.773259,-0.257188,-0.421303,1.419426,-0.127014,-0.431718,1.384977,-0.065207,-0.443342,1.102735,-0.079580,-0.324458,0.893352,-0.097385,-0.370895,0.799204,-0.111159,-0.365284,0.691148,-0.113281,-0.311636,0.774278,-0.406009,-0.437509,0.910907,-0.421828,-0.431981,0.500117,-0.437155,-0.511764,0.115692,-0.436096,-0.361449,-0.004387,-0.229002,-0.454995,0.902205,-0.260656,-0.475839,0.493268,-0.307005,-0.567350,0.109699,-0.264938,-0.439434,-0.005195,-0.288396,-0.400628,1.539363,-0.288928,-0.238623,1.570775,-0.317070,-0.272560,1.607659,-0.376340,-0.388232,1.600129,-0.263523,-0.268823,1.606352,-0.206218,-0.390526,1.609421,
20200924_07:28:-53.647,-0.316247,-0.441264,0.904418,-0.306081,-0.417594,1.085606,-0.299097,-0.413091,1.231678,-0.296434,-0.406422,1.454271,-0.331441,-0.406459,1.418180,-0.473147,-0.397392,1.381559,-0.541605,-0.449160,1.111389,-0.551434,-0.376454,0.885060,-0.568191,-0.431340,0.804662,-0.533728,-0.350317,0.737328,-0.496711,-0.341446,0.772951,-0.262552,-0.410730,1.416871,-0.132244,-0.419420,1.383052,-0.072976,-0.425556,1.100427,-0.093130,-0.299935,0.895823,-0.105396,-0.333886,0.795780,-0.121736,-0.342556,0.688410,-0.128287,-0.286890,0.779810,-0.409366,-0.433519,0.908631,-0.422178,-0.428937,0.498188,-0.434639,-0.510098,0.114402,-0.435978,-0.364259,-0.010740,-0.232278,-0.448247,0.900619,-0.260083,-0.470247,0.491928,-0.303770,-0.564686,0.109220,-0.263760,-0.441604,-0.011246,-0.294603,-0.390224,1.536466,-0.297436,-0.228614,1.568795,-0.327153,-0.262875,1.604004,-0.385369,-0.378627,1.592870,-0.273684,-0.258896,1.605340,-0.216086,-0.380225,1.610439,
20200924_07:28:-53.667,-0.326157,-0.436158,0.900387,-0.315069,-0.412373,1.081440,-0.307382,-0.406616,1.227381,-0.303472,-0.399749,1.449871,-0.338675,-0.400046,1.413996,-0.480113,-0.391040,1.376543,-0.547289,-0.446737,1.106939,-0.560728,-0.380001,0.879051,-0.558494,-0.409071,0.784710,-0.531984,-0.339279,0.702833,-0.512808,-0.329565,0.760108,-0.269792,-0.403863,1.412291,-0.139965,-0.413146,1.377006,-0.084690,-0.411583,1.093615,-0.104313,-0.280315,0.892637,-0.125791,-0.317241,0.795277,-0.153647,-0.348078,0.694603,-0.149404,-0.278353,0.778026,-0.419145,-0.427488,0.904943,-0.429415,-0.426009,0.494551,-0.440982,-0.507181,0.110881,-0.439867,-0.358200,-0.010397,-0.242306,-0.443977,0.896278,-0.267092,-0.461522,0.487323,-0.309850,-0.560793,0.105881,-0.268195,-0.435954,-0.012101,-0.301272,-0.383477,1.532012,-0.300590,-0.221639,1.562994,-0.333614,-0.254550,1.596470,-0.394928,-0.368321,1.582459,-0.280250,-0.252371,1.601159,-0.227304,-0.375484,1.610710,
20200924_07:28:-53.707,-0.331129,-0.429039,0.898956,-0.321238,-0.404677,1.079924,-0.314362,-0.398366,1.225819,-0.311025,-0.391244,1.448216,-0.346129,-0.392294,1.412289,-0.487318,-0.386645,1.373507,-0.553208,-0.443852,1.104028,-0.569237,-0.375463,0.876904,-0.570419,-0.390753,0.779401,-0.542816,-0.324357,0.695159,-0.524708,-0.334011,0.752595,-0.277209,-0.394693,1.410720,-0.147513,-0.403641,1.375086,-0.092457,-0.396740,1.091856,-0.110973,-0.260237,0.894415,-0.137700,-0.296526,0.798171,-0.168589,-0.339642,0.703098,-0.164437,-0.268223,0.782696,-0.424188,-0.421370,0.903009,-0.431346,-0.426805,0.492760,-0.439971,-0.506414,0.108856,-0.435962,-0.355213,-0.009448,-0.247213,-0.435954,0.895300,-0.266602,-0.444417,0.485940,-0.306583,-0.556653,0.107982,-0.265876,-0.434232,-0.012722,-0.309318,-0.374872,1.530312,-0.310173,-0.213321,1.562394,-0.344105,-0.246556,1.594574,-0.404526,-0.360378,1.577867,-0.290945,-0.244237,1.600953,-0.237921,-0.367189,1.611319,
20200924_07:28:-53.751,-0.338071,-0.424370,0.899291,-0.330048,-0.399332,1.080200,-0.324523,-0.391968,1.226057,-0.323006,-0.384361,1.448386,-0.357802,-0.385968,1.412204,-0.498593,-0.383208,1.371867,-0.562108,-0.441005,1.102040,-0.579495,-0.368921,0.876242,-0.582341,-0.380969,0.778352,-0.553242,-0.310887,0.697723,-0.536133,-0.339880,0.749804,-0.288868,-0.387415,1.411171,-0.159280,-0.396679,1.375387,-0.099980,-0.387004,1.093192,-0.117030,-0.247033,0.898155,-0.145728,-0.284557,0.802996,-0.173673,-0.336450,0.711505,-0.174860,-0.262662,0.789800,-0.431198,-0.417515,0.902472,-0.433749,-0.428600,0.492414,-0.438140,-0.508347,0.108594,-0.433390,-0.357887,-0.010525,-0.254095,-0.430552,0.896423,-0.264259,-0.418184,0.486960,-0.303369,-0.550518,0.115605,-0.263812,-0.435600,-0.012544,-0.322162,-0.367810,1.530432,-0.321245,-0.206279,1.562343,-0.354384,-0.239298,1.595524,-0.415835,-0.352783,1.580714,-0.301067,-0.237249,1.600345,-0.248415,-0.360425,1.609286,
20200924_07:28:-53.796,-0.340754,-0.419210,0.899486,-0.334907,-0.393610,1.080348,-0.330889,-0.385457,1.226170,-0.331571,-0.375854,1.448363,-0.365986,-0.378420,1.411892,-0.506277,-0.379085,1.369911,-0.566271,-0.439431,1.099919,-0.583066,-0.362858,0.875631,-0.593539,-0.373927,0.778173,-0.562365,-0.312228,0.691722,-0.531535,-0.328713,0.755469,-0.297049,-0.378609,1.411500,-0.167382,-0.387265,1.375995,-0.103187,-0.377564,1.094958,-0.120199,-0.236320,0.900922,-0.148708,-0.277327,0.807187,-0.173163,-0.334669,0.718016,-0.178474,-0.261238,0.795191,-0.433988,-0.414015,0.901765,-0.433168,-0.431540,0.492040,-0.433672,-0.510593,0.108166,-0.428313,-0.359164,-0.009604,-0.256681,-0.423893,0.897431,-0.258151,-0.382816,0.489839,-0.293971,-0.534915,0.125915,-0.257620,-0.433264,-0.013803,-0.331790,-0.358567,1.530237,-0.330747,-0.196414,1.558547,-0.363585,-0.228702,1.592706,-0.425044,-0.342492,1.580909,-0.310247,-0.226515,1.597053,-0.257443,-0.349395,1.608294,
20200924_07:28:-53.839,-0.341039,-0.417513,0.899700,-0.336079,-0.391755,1.080519,-0.332667,-0.383228,1.226300,-0.334245,-0.372482,1.448380,-0.368495,-0.375514,1.411807,-0.508511,-0.377861,1.369100,-0.567039,-0.439504,1.099155,-0.583901,-0.359849,0.876010,-0.599976,-0.369510,0.779193,-0.569136,-0.313574,0.688825,-0.526562,-0.326809,0.760454,-0.299575,-0.375150,1.411667,-0.169985,-0.383914,1.376038,-0.103129,-0.374194,1.095696,-0.120007,-0.231883,0.902503,-0.148379,-0.275220,0.809810,-0.170274,-0.335879,0.722215,-0.177966,-0.262820,0.798658,-0.434295,-0.413040,0.901621,-0.432305,-0.434441,0.492186,-0.431532,-0.512645,0.108238,-0.425453,-0.360515,-0.008509,-0.256946,-0.421547,0.897968,-0.254173,-0.360818,0.492948,-0.288891,-0.525192,0.134402,-0.254300,-0.432899,-0.012040,-0.334905,-0.354778,1.530141,-0.333150,-0.192299,1.556219,-0.365831,-0.224004,1.591044,-0.427714,-0.337718,1.581249,-0.312470,-0.221930,1.594973,-0.259982,-0.344784,1.607507,
20200924_07:28:-53.839,-0.343557,-0.411256,0.899871,-0.340549,-0.384194,1.080579,-0.338292,-0.373441,1.226263,-0.342020,-0.360719,1.448258,-0.375894,-0.364679,1.411411,-0.514962,-0.370405,1.365917,-0.569987,-0.429489,1.094607,-0.587565,-0.350706,0.871158,-0.604725,-0.349437,0.774034,-0.574201,-0.304871,0.677425,-0.533788,-0.336686,0.751786,-0.306979,-0.363112,1.411866,-0.177120,-0.371314,1.376986,-0.106383,-0.366514,1.097412,-0.120548,-0.225249,0.903178,-0.140361,-0.269468,0.808671,-0.154837,-0.334419,0.722600,-0.167692,-0.259277,0.798782,-0.436938,-0.409840,0.901213,-0.432750,-0.438320,0.492145,-0.428217,-0.517932,0.108434,-0.433883,-0.362390,-0.003814,-0.259351,-0.412534,0.898660,-0.251344,-0.325729,0.498405,-0.280346,-0.499866,0.143896,-0.249438,-0.412432,-0.006345,-0.343710,-0.342288,1.529861,-0.340758,-0.179725,1.555514,-0.374022,-0.211052,1.590146,-0.436823,-0.324271,1.580123,-0.320670,-0.209433,1.594534,-0.269361,-0.332730,1.607862,
20200924_07:28:-53.883,-0.344116,-0.401133,0.898829,-0.342095,-0.375319,1.079761,-0.340376,-0.364730,1.225487,-0.348248,-0.352883,1.447454,-0.381420,-0.356922,1.409973,-0.518484,-0.364021,1.358866,-0.570841,-0.416727,1.085677,-0.587207,-0.336604,0.862575,-0.609038,-0.324633,0.767117,-0.577725,-0.294093,0.665424,-0.545958,-0.347501,0.740380,-0.312527,-0.354910,1.411696,-0.182077,-0.361329,1.378618,-0.105603,-0.360206,1.100475,-0.117827,-0.223560,0.902791,-0.130331,-0.272344,0.809269,-0.142124,-0.342079,0.726576,-0.160385,-0.253559,0.796190,-0.437520,-0.401960,0.899991,-0.434042,-0.433752,0.491099,-0.429426,-0.511674,0.106983,-0.434688,-0.354039,-0.002376,-0.259889,-0.400387,0.897782,-0.248894,-0.288445,0.503826,-0.274130,-0.462905,0.149121,-0.242693,-0.373945,-0.000142,-0.351551,-0.334775,1.529092,-0.347284,-0.171889,1.552572,-0.381266,-0.202416,1.587235,-0.445078,-0.315159,1.578004,-0.327948,-0.201259,1.592234,-0.278020,-0.324876,1.607845,
20200924_07:28:-53.898,-0.346617,-0.391698,0.899646,-0.345172,-0.365965,1.080538,-0.343635,-0.353402,1.226063,-0.353629,-0.340652,1.447826,-0.386415,-0.345100,1.410073,-0.522332,-0.354348,1.356441,-0.574363,-0.401774,1.082313,-0.591690,-0.313172,0.862594,-0.602531,-0.307561,0.764732,-0.586949,-0.251269,0.670735,-0.592722,-0.277727,0.726051,-0.317578,-0.342566,1.412416,-0.186499,-0.347880,1.381898,-0.103813,-0.354359,1.105704,-0.111218,-0.224330,0.903462,-0.123807,-0.271922,0.809375,-0.138428,-0.344979,0.730120,-0.153081,-0.240974,0.792705,-0.439894,-0.396000,0.901003,-0.436970,-0.430213,0.492430,-0.431816,-0.511449,0.109132,-0.439230,-0.353559,0.000369,-0.262505,-0.387819,0.898422,-0.249502,-0.255761,0.510942,-0.272857,-0.428074,0.155199,-0.243673,-0.337529,0.006496,-0.357815,-0.322218,1.529324,-0.356462,-0.159425,1.553427,-0.389162,-0.190774,1.588558,-0.450786,-0.304733,1.580000,-0.335813,-0.188539,1.592590,-0.283098,-0.311125,1.606745,
20200924_07:28:-53.939,-0.342796,-0.382265,0.901657,-0.343483,-0.356978,1.082636,-0.343569,-0.342744,1.228030,-0.358572,-0.331237,1.449601,-0.390499,-0.335502,1.411091,-0.523998,-0.344273,1.351586,-0.574329,-0.378872,1.075202,-0.590428,-0.285155,0.857495,-0.600266,-0.276125,0.759772,-0.584627,-0.239273,0.656588,-0.585186,-0.241263,0.721674,-0.321727,-0.332925,1.415000,-0.189728,-0.335280,1.388250,-0.099718,-0.352795,1.114809,-0.103580,-0.230902,0.907435,-0.103837,-0.261051,0.805606,-0.103230,-0.319408,0.713796,-0.129851,-0.235790,0.789559,-0.435917,-0.389398,0.902301,-0.433410,-0.425729,0.493866,-0.427028,-0.509548,0.111102,-0.435180,-0.350401,0.004207,-0.258825,-0.375833,0.901078,-0.244606,-0.227402,0.519568,-0.265832,-0.392520,0.160251,-0.234272,-0.291463,0.018971,-0.364613,-0.313260,1.531094,-0.362773,-0.149307,1.545448,-0.394984,-0.178458,1.582858,-0.456827,-0.292632,1.581992,-0.341575,-0.176078,1.585973,-0.288754,-0.297706,1.606629,
20200924_07:28:-53.983,-0.338728,-0.369595,0.901288,-0.341571,-0.344189,1.082081,-0.343436,-0.328395,1.227185,-0.361604,-0.315799,1.448280,-0.392971,-0.319882,1.409345,-0.524929,-0.327440,1.346613,-0.572987,-0.353940,1.069163,-0.584637,-0.252213,0.855004,-0.592845,-0.234016,0.758496,-0.574199,-0.200285,0.654840,-0.573153,-0.204105,0.721398,-0.324297,-0.318026,1.414269,-0.191777,-0.320441,1.390845,-0.097306,-0.347490,1.119941,-0.091577,-0.237003,0.906532,-0.088545,-0.258498,0.802663,-0.080791,-0.308773,0.706599,-0.112253,-0.239169,0.787077,-0.431668,-0.378008,0.901009,-0.429825,-0.418842,0.493327,-0.423620,-0.508057,0.112104,-0.429339,-0.349269,0.004794,-0.254919,-0.362008,0.901540,-0.239078,-0.202565,0.524922,-0.257991,-0.354434,0.160025,-0.224922,-0.242625,0.027646,-0.368660,-0.297428,1.529534,-0.370962,-0.133410,1.541343,-0.402651,-0.162750,1.578980,-0.461599,-0.278330,1.579523,-0.349380,-0.159001,1.582369,-0.293744,-0.278853,1.605203,
20200924_07:28:-54.027,-0.336750,-0.356791,0.901624,-0.342354,-0.330281,1.082053,-0.346501,-0.312534,1.226772,-0.367941,-0.297727,1.447267,-0.398721,-0.301808,1.407914,-0.528979,-0.308574,1.341885,-0.573076,-0.327010,1.063345,-0.580644,-0.221487,0.851047,-0.588995,-0.193723,0.756935,-0.570352,-0.159057,0.653677,-0.567363,-0.144269,0.727094,-0.330167,-0.300683,1.413890,-0.197224,-0.303564,1.393725,-0.097952,-0.342530,1.126245,-0.082625,-0.246042,0.906811,-0.075773,-0.265068,0.802725,-0.060618,-0.312302,0.706095,-0.096051,-0.245228,0.783648,-0.429535,-0.365966,0.900090,-0.427164,-0.413412,0.493439,-0.419946,-0.508232,0.113896,-0.424197,-0.352654,0.002166,-0.253081,-0.348518,0.903007,-0.234356,-0.182246,0.529826,-0.248865,-0.316881,0.158346,-0.211437,-0.196223,0.035413,-0.376042,-0.278551,1.528172,-0.379747,-0.114411,1.535248,-0.409703,-0.142920,1.574827,-0.467252,-0.258936,1.580895,-0.356430,-0.138537,1.576160,-0.298712,-0.257001,1.600429,
20200924_07:28:-54.071,-0.338155,-0.343650,0.902553,-0.345105,-0.316435,1.082651,-0.350413,-0.297307,1.227014,-0.373495,-0.281055,1.447025,-0.403966,-0.284780,1.407459,-0.532880,-0.288645,1.338918,-0.573796,-0.295422,1.059644,-0.576573,-0.185231,0.849873,-0.583018,-0.149885,0.758286,-0.556579,-0.115452,0.656781,-0.555236,-0.107283,0.728462,-0.335524,-0.284839,1.414029,-0.202497,-0.288712,1.395528,-0.100081,-0.337210,1.131109,-0.075465,-0.255764,0.906732,-0.058986,-0.272332,0.803413,-0.033149,-0.311150,0.705428,-0.078576,-0.251681,0.780901,-0.430845,-0.352729,0.900348,-0.430069,-0.403337,0.494472,-0.423991,-0.504772,0.117015,-0.423397,-0.352781,0.000681,-0.254573,-0.335463,0.904541,-0.232337,-0.166963,0.532990,-0.241741,-0.275962,0.153434,-0.204527,-0.146251,0.040290,-0.381954,-0.261360,1.527684,-0.382433,-0.097198,1.529677,-0.412997,-0.123849,1.569999,-0.472780,-0.238357,1.579483,-0.359703,-0.120478,1.571337,-0.304437,-0.239133,1.599378,
20200924_07:28:-54.071,-0.337488,-0.326860,0.903376,-0.346630,-0.299108,1.083011,-0.353700,-0.279490,1.227006,-0.377525,-0.262567,1.446545,-0.407819,-0.265682,1.406887,-0.535686,-0.267711,1.336800,-0.576980,-0.261468,1.058007,-0.574337,-0.147961,0.850423,-0.582005,-0.106165,0.761859,-0.560305,-0.080902,0.656781,-0.552523,-0.085450,0.722879,-0.339533,-0.267177,1.413798,-0.206505,-0.271089,1.396870,-0.101655,-0.328722,1.135738,-0.066973,-0.262113,0.908211,-0.041904,-0.277664,0.806641,-0.011070,-0.305644,0.706613,-0.065737,-0.256804,0.780323,-0.429999,-0.335965,0.900074,-0.430459,-0.392403,0.495600,-0.424640,-0.497072,0.119645,-0.420185,-0.351802,-0.004449,-0.254066,-0.318650,0.906353,-0.230060,-0.152617,0.534489,-0.229026,-0.230000,0.147754,-0.194425,-0.095680,0.039691,-0.385967,-0.242651,1.527019,-0.386697,-0.078732,1.526086,-0.417041,-0.104666,1.566915,-0.476520,-0.218901,1.578619,-0.363829,-0.101196,1.568015,-0.308371,-0.219066,1.597940,
20200924_07:28:-54.115,-0.334758,-0.308122,0.904478,-0.345776,-0.279033,1.083476,-0.354344,-0.258935,1.227068,-0.378129,-0.239595,1.446023,-0.408361,-0.242300,1.406398,-0.535692,-0.242459,1.335834,-0.574373,-0.228500,1.057440,-0.567105,-0.114350,0.850789,-0.573685,-0.064351,0.766690,-0.553246,-0.046129,0.660113,-0.529269,-0.082613,0.714560,-0.340264,-0.245403,1.413455,-0.207460,-0.251582,1.397303,-0.102807,-0.318717,1.138924,-0.060247,-0.268577,0.908959,-0.030252,-0.291980,0.810468,-0.008038,-0.316202,0.707422,-0.058780,-0.267454,0.778699,-0.427186,-0.315846,0.900045,-0.429432,-0.379673,0.497394,-0.424864,-0.489651,0.123646,-0.418276,-0.353308,-0.009633,-0.251412,-0.301157,0.908477,-0.226150,-0.140545,0.535095,-0.219180,-0.194667,0.145176,-0.181048,-0.056556,0.043783,-0.386222,-0.218828,1.526169,-0.385069,-0.055263,1.521397,-0.414890,-0.079827,1.563305,-0.475356,-0.192837,1.578764,-0.361722,-0.076978,1.563342,-0.307180,-0.194573,1.594952,
20200924_07:28:-54.130,-0.331454,-0.285975,0.905032,-0.343955,-0.256978,1.083706,-0.353777,-0.237708,1.227140,-0.376893,-0.217661,1.445812,-0.407154,-0.219326,1.406234,-0.534011,-0.215670,1.335302,-0.570879,-0.196647,1.057333,-0.558218,-0.078499,0.853561,-0.557720,-0.021617,0.773842,-0.534039,-0.013470,0.666839,-0.512633,-0.068941,0.716397,-0.339291,-0.224732,1.413290,-0.206899,-0.234468,1.396960,-0.104251,-0.309936,1.140498,-0.054871,-0.272910,0.909737,-0.020440,-0.301597,0.814288,-0.000186,-0.328174,0.711568,-0.046393,-0.276914,0.777448,-0.423883,-0.290905,0.899364,-0.427585,-0.363142,0.498689,-0.425444,-0.475959,0.126296,-0.415832,-0.344280,-0.011071,-0.248105,-0.281531,0.910142,-0.221449,-0.126548,0.535060,-0.212902,-0.165065,0.143840,-0.169608,-0.025693,0.046731,-0.384279,-0.196682,1.525858,-0.379861,-0.033547,1.517185,-0.409600,-0.056464,1.559973,-0.472072,-0.167659,1.578840,-0.356459,-0.054717,1.559291,-0.303993,-0.172481,1.592980,
20200924_07:28:-54.171,-0.326319,-0.263029,0.905980,-0.339238,-0.233464,1.084332,-0.349490,-0.214259,1.227585,-0.370220,-0.192279,1.446068,-0.400796,-0.193221,1.406777,-0.527945,-0.184974,1.337089,-0.565215,-0.162421,1.059747,-0.550510,-0.050607,0.852859,-0.547228,0.013196,0.778775,-0.533975,0.022534,0.670204,-0.514510,-0.036464,0.712488,-0.333155,-0.200698,1.413335,-0.201184,-0.212997,1.396528,-0.102230,-0.294623,1.140848,-0.049609,-0.269921,0.909425,-0.016210,-0.311344,0.818522,0.005995,-0.348022,0.719505,-0.040173,-0.275643,0.776729,-0.418706,-0.265549,0.899706,-0.425571,-0.344135,0.500720,-0.426688,-0.465746,0.131547,-0.415884,-0.341141,-0.011909,-0.243010,-0.260757,0.911638,-0.216818,-0.109397,0.535524,-0.210599,-0.146036,0.144509,-0.165073,-0.007598,0.047430,-0.376308,-0.170647,1.525955,-0.366420,-0.008449,1.510336,-0.396966,-0.028481,1.553915,-0.463096,-0.136500,1.577281,-0.343853,-0.028540,1.553345,-0.295485,-0.146308,1.592190,
20200924_07:28:-54.215,-0.322905,-0.238916,0.905808,-0.336206,-0.208876,1.083927,-0.346636,-0.191470,1.227297,-0.365075,-0.169891,1.445874,-0.396046,-0.170855,1.406937,-0.524159,-0.164455,1.339048,-0.562802,-0.135645,1.062668,-0.546065,-0.016748,0.860111,-0.545751,0.044766,0.784132,-0.528738,0.049656,0.675869,-0.504439,0.018298,0.723815,-0.328365,-0.178155,1.412756,-0.196517,-0.188479,1.394443,-0.098119,-0.275848,1.140671,-0.045093,-0.255503,0.909084,-0.009325,-0.291005,0.816673,0.010838,-0.325128,0.716393,-0.038202,-0.262237,0.773705,-0.415188,-0.242678,0.899552,-0.425554,-0.327090,0.502116,-0.427898,-0.458412,0.136572,-0.420466,-0.342609,-0.014119,-0.239690,-0.235523,0.911450,-0.219113,-0.093576,0.531634,-0.215097,-0.118197,0.139918,-0.169812,0.019809,0.042328,-0.370363,-0.148411,1.525800,-0.363966,0.013415,1.506181,-0.392474,-0.006103,1.551295,-0.455702,-0.114583,1.579560,-0.339463,-0.005275,1.548716,-0.287616,-0.121194,1.588315,
20200924_07:28:-54.259,-0.319264,-0.212192,0.906203,-0.331289,-0.181484,1.084246,-0.340460,-0.164466,1.227708,-0.354746,-0.143588,1.446600,-0.386466,-0.144756,1.408295,-0.517308,-0.139912,1.345784,-0.558954,-0.112419,1.069788,-0.543450,0.014053,0.871852,-0.550885,0.068791,0.791229,-0.528010,0.081710,0.684753,-0.499420,0.067563,0.742234,-0.318636,-0.151420,1.412748,-0.187083,-0.160463,1.392062,-0.092637,-0.253283,1.138817,-0.041576,-0.239875,0.906354,-0.003805,-0.276817,0.815349,0.018138,-0.311857,0.715795,-0.034796,-0.249340,0.771731,-0.411457,-0.218381,0.901044,-0.425856,-0.309667,0.505376,-0.429094,-0.450610,0.143559,-0.430194,-0.342367,-0.012758,-0.236130,-0.206611,0.910856,-0.224338,-0.076485,0.526581,-0.224219,-0.096979,0.134718,-0.185774,0.043328,0.037563,-0.358646,-0.122356,1.526648,-0.355210,0.039009,1.503240,-0.383340,0.020043,1.548805,-0.444553,-0.088849,1.579637,-0.330369,0.021778,1.546174,-0.276420,-0.092181,1.588438,
20200924_07:28:-54.303,-0.311306,-0.182326,0.909911,-0.322905,-0.152929,1.088173,-0.331638,-0.138379,1.231909,-0.342902,-0.119541,1.451127,-0.375114,-0.119988,1.413229,-0.507641,-0.112985,1.354652,-0.555568,-0.089333,1.079366,-0.538854,0.042276,0.884955,-0.545082,0.091696,0.800887,-0.520635,0.107385,0.695154,-0.496412,0.105333,0.759829,-0.307319,-0.127417,1.416743,-0.176229,-0.137841,1.394011,-0.085579,-0.230333,1.139315,-0.033291,-0.220716,0.906977,0.001410,-0.261075,0.816222,0.016850,-0.289864,0.713512,-0.026007,-0.233267,0.776664,-0.403492,-0.188554,0.904940,-0.421586,-0.283817,0.510431,-0.426238,-0.434201,0.152518,-0.433464,-0.333629,-0.008646,-0.228179,-0.176709,0.914393,-0.220255,-0.058271,0.526328,-0.223470,-0.076030,0.134409,-0.189082,0.065903,0.038152,-0.345550,-0.099071,1.531410,-0.342027,0.062109,1.506950,-0.369413,0.043516,1.553107,-0.430403,-0.064971,1.585669,-0.316499,0.045066,1.549545,-0.262181,-0.068784,1.591561,
20200924_07:28:-54.304,-0.304870,-0.154714,0.916903,-0.314644,-0.123918,1.095125,-0.322070,-0.109900,1.239056,-0.329366,-0.089843,1.458437,-0.362215,-0.089845,1.421057,-0.496423,-0.080339,1.366639,-0.551042,-0.062887,1.092003,-0.533852,0.067916,0.896957,-0.528974,0.117715,0.812971,-0.519855,0.148303,0.708015,-0.499447,0.128664,0.772621,-0.294494,-0.098560,1.423497,-0.163987,-0.111912,1.398674,-0.079625,-0.210413,1.143921,-0.031477,-0.201774,0.910537,-0.001133,-0.245266,0.819610,-0.007540,-0.279411,0.717530,-0.032261,-0.224546,0.777578,-0.397253,-0.158690,0.912524,-0.419388,-0.260283,0.519608,-0.427893,-0.421008,0.166090,-0.437765,-0.329006,-0.000081,-0.221564,-0.151128,0.920852,-0.216122,-0.045144,0.528963,-0.223769,-0.066964,0.137127,-0.188974,0.074178,0.039711,-0.330302,-0.068953,1.538690,-0.327705,0.091591,1.509820,-0.353670,0.074223,1.557289,-0.413549,-0.033425,1.594593,-0.300866,0.075695,1.552081,-0.245143,-0.037025,1.595480,
20200924_07:28:-54.347,-0.298317,-0.124108,0.925897,-0.306098,-0.091230,1.103851,-0.312111,-0.077238,1.247854,-0.315543,-0.055765,1.467203,-0.348978,-0.055375,1.430347,-0.484778,-0.044235,1.380354,-0.547228,-0.038706,1.106882,-0.532791,0.086809,0.908162,-0.523711,0.135282,0.823748,-0.518331,0.182290,0.724769,-0.502786,0.148561,0.786290,-0.281397,-0.065333,1.431770,-0.151777,-0.083497,1.405379,-0.073873,-0.183617,1.149193,-0.025625,-0.181472,0.915672,0.000078,-0.245862,0.836463,-0.008779,-0.295304,0.741041,-0.023996,-0.220028,0.783377,-0.390797,-0.126179,0.922236,-0.418466,-0.229471,0.530100,-0.430538,-0.405449,0.184013,-0.441283,-0.326055,0.011507,-0.214924,-0.122240,0.929197,-0.212266,-0.029902,0.533828,-0.223456,-0.059999,0.142612,-0.190765,0.077492,0.039407,-0.314815,-0.034390,1.547334,-0.311344,0.124694,1.511326,-0.338050,0.109532,1.559141,-0.398773,0.003795,1.600354,-0.285169,0.110655,1.554651,-0.230403,-0.000125,1.603884,
20200924_07:28:-54.366,-0.291573,-0.093646,0.931654,-0.298216,-0.059674,1.109434,-0.303515,-0.047478,1.253617,-0.303177,-0.024113,1.472781,-0.337186,-0.023610,1.436460,-0.474044,-0.010724,1.389924,-0.543600,-0.017076,1.118214,-0.532620,0.102370,0.915594,-0.520953,0.144186,0.828005,-0.512661,0.195410,0.731357,-0.499725,0.161820,0.795773,-0.269727,-0.034413,1.436898,-0.141085,-0.055787,1.408275,-0.067129,-0.157248,1.151473,-0.022232,-0.153739,0.917320,0.002420,-0.220766,0.839999,-0.008757,-0.248841,0.736494,-0.023216,-0.182062,0.784025,-0.384079,-0.094182,0.928300,-0.416113,-0.191718,0.535057,-0.430888,-0.383762,0.197765,-0.442350,-0.322044,0.018236,-0.208156,-0.093164,0.934679,-0.208352,-0.014147,0.536458,-0.222728,-0.053708,0.146221,-0.190244,0.080116,0.038264,-0.300903,-0.002075,1.552696,-0.295434,0.155967,1.512635,-0.320469,0.142571,1.561856,-0.381740,0.039279,1.608119,-0.267811,0.142374,1.555191,-0.213507,0.031588,1.604891,
20200924_07:28:-54.407,-0.285712,-0.064754,0.934870,-0.290216,-0.029792,1.112481,-0.294233,-0.018110,1.256715,-0.290986,0.006724,1.475642,-0.325391,0.007541,1.439717,-0.463080,0.022201,1.396376,-0.539991,0.003651,1.127287,-0.534509,0.114136,0.919489,-0.521275,0.147034,0.828414,-0.512020,0.195641,0.730539,-0.498822,0.166718,0.798169,-0.258133,-0.004365,1.439461,-0.130462,-0.029659,1.409848,-0.058683,-0.129766,1.151973,-0.014316,-0.121296,0.917903,-0.000214,-0.182061,0.833152,-0.006439,-0.219916,0.732409,-0.022104,-0.140165,0.784463,-0.378197,-0.062764,0.932133,-0.415644,-0.147662,0.536542,-0.434519,-0.355834,0.209275,-0.446262,-0.314412,0.024070,-0.202315,-0.066549,0.937338,-0.204721,-0.001389,0.536718,-0.223919,-0.052333,0.148104,-0.191018,0.078132,0.036296,-0.287431,0.029257,1.555352,-0.277356,0.186301,1.512512,-0.301671,0.174602,1.562505,-0.365411,0.074338,1.611903,-0.249237,0.172425,1.554634,-0.197716,0.060620,1.604928,
20200924_07:28:-54.451,-0.281987,-0.037090,0.935170,-0.283577,-0.000769,1.112588,-0.285805,0.011794,1.256809,-0.278995,0.038684,1.475446,-0.313909,0.039676,1.440010,-0.452312,0.055249,1.399261,-0.537774,0.021833,1.134171,-0.537942,0.122077,0.921132,-0.527776,0.146154,0.826940,-0.524398,0.186556,0.725019,-0.502628,0.168753,0.796842,-0.246837,0.026751,1.438899,-0.120299,-0.003003,1.408484,-0.050832,-0.104220,1.150359,-0.008584,-0.088110,0.916260,0.003398,-0.136014,0.823313,0.003135,-0.172748,0.721948,-0.020302,-0.094166,0.784923,-0.374389,-0.031988,0.933297,-0.417047,-0.101566,0.535185,-0.441262,-0.323512,0.217386,-0.454791,-0.299203,0.029259,-0.198664,-0.041690,0.936858,-0.203329,0.010668,0.534322,-0.227633,-0.050842,0.147464,-0.193119,0.075417,0.031353,-0.273939,0.061930,1.554883,-0.259902,0.217965,1.509451,-0.283514,0.207762,1.560114,-0.349290,0.110259,1.612341,-0.231342,0.203829,1.551198,-0.182258,0.091193,1.602127,
20200924_07:28:-54.495,-0.279945,-0.011832,0.934756,-0.278400,0.026208,1.111797,-0.278754,0.039654,1.255943,-0.268859,0.068709,1.474165,-0.304222,0.069635,1.439180,-0.443438,0.084249,1.400973,-0.535575,0.038636,1.139995,-0.542500,0.126983,0.921886,-0.541299,0.156641,0.828761,-0.559204,0.196177,0.728035,-0.524378,0.178714,0.793088,-0.237286,0.056134,1.437331,-0.111960,0.022634,1.405864,-0.044806,-0.075870,1.146110,-0.003796,-0.051297,0.912548,0.005766,-0.087903,0.814345,0.009109,-0.122204,0.712194,-0.008821,-0.047087,0.783892,-0.372104,-0.003360,0.933739,-0.419103,-0.046369,0.532409,-0.447887,-0.283192,0.225974,-0.464270,-0.277052,0.036624,-0.196842,-0.019472,0.935672,-0.202802,0.021803,0.531902,-0.233162,-0.054047,0.148064,-0.197134,0.068386,0.028394,-0.262572,0.092717,1.553279,-0.247995,0.248251,1.506371,-0.271064,0.238640,1.557393,-0.336878,0.142053,1.611222,-0.219036,0.234263,1.547887,-0.170134,0.121721,1.599167,
20200924_07:28:-54.539,-0.277840,0.014968,0.932255,-0.274075,0.052927,1.109118,-0.272877,0.066862,1.253085,-0.260807,0.097457,1.470792,-0.296528,0.097873,1.436227,-0.436255,0.110243,1.399605,-0.533774,0.052125,1.143375,-0.547083,0.129612,0.921686,-0.561256,0.151749,0.827634,-0.579094,0.171837,0.721395,-0.534584,0.173700,0.785964,-0.229574,0.084882,1.433728,-0.105005,0.050562,1.400672,-0.037495,-0.043243,1.139551,0.002311,-0.009632,0.907122,0.012845,-0.037000,0.806147,0.018407,-0.067161,0.702892,-0.004274,0.004492,0.781526,-0.369757,0.025081,0.932041,-0.418611,0.014884,0.529120,-0.448456,-0.228246,0.228206,-0.465811,-0.240419,0.039403,-0.194954,0.005849,0.932447,-0.202194,0.037421,0.528180,-0.235998,-0.048171,0.147040,-0.201009,0.070478,0.023535,-0.253837,0.122030,1.549598,-0.238463,0.277739,1.504040,-0.261725,0.267822,1.554861,-0.328068,0.171165,1.607637,-0.209730,0.263307,1.545503,-0.161516,0.150248,1.595990,
20200924_07:28:-54.540,-0.276785,0.039896,0.930577,-0.270952,0.078015,1.107123,-0.267765,0.093446,1.250730,-0.254017,0.126071,1.467770,-0.290121,0.125007,1.433707,-0.430457,0.132023,1.398735,-0.531532,0.061261,1.147485,-0.557016,0.121507,0.921844,-0.575020,0.134207,0.826829,-0.603545,0.139581,0.721299,-0.558644,0.152047,0.785156,-0.222881,0.114294,1.430446,-0.098189,0.083246,1.395339,-0.029997,-0.005385,1.132971,0.005190,0.037473,0.901619,0.016315,0.017353,0.799147,0.024725,-0.012480,0.696127,0.002779,0.059606,0.774331,-0.368680,0.049086,0.931629,-0.418832,0.075005,0.530073,-0.443811,-0.167032,0.228446,-0.465001,-0.176723,0.040123,-0.193919,0.031609,0.929628,-0.204254,0.053380,0.525278,-0.239461,-0.043571,0.147492,-0.208827,0.070560,0.018975,-0.246904,0.151443,1.546204,-0.232517,0.307463,1.502127,-0.254995,0.296975,1.553108,-0.320296,0.199747,1.605750,-0.203194,0.292676,1.542966,-0.154091,0.179334,1.591498,
20200924_07:28:-54.583,-0.275604,0.064310,0.927983,-0.268485,0.102677,1.104374,-0.263944,0.119874,1.247700,-0.249483,0.154666,1.464290,-0.285805,0.152110,1.430562,-0.426299,0.153831,1.395741,-0.528206,0.070887,1.148681,-0.561759,0.114844,0.920422,-0.583688,0.118202,0.825472,-0.614737,0.105265,0.721353,-0.563114,0.125060,0.786283,-0.218291,0.143656,1.426799,-0.093305,0.116421,1.389775,-0.023568,0.033681,1.125985,0.007142,0.086757,0.896191,0.022603,0.071302,0.793505,0.033181,0.053485,0.687970,0.008839,0.115397,0.766334,-0.367553,0.072492,0.929914,-0.416796,0.132354,0.532010,-0.436380,-0.098078,0.221183,-0.459659,-0.093225,0.032978,-0.192691,0.056932,0.926241,-0.205105,0.068825,0.521658,-0.240829,-0.039356,0.147104,-0.212302,0.074383,0.017828,-0.242575,0.180882,1.542439,-0.231209,0.336577,1.496545,-0.252489,0.326313,1.548064,-0.315361,0.228793,1.602983,-0.200869,0.322603,1.536905,-0.149270,0.210460,1.585523,
20200924_07:28:-54.598,-0.274728,0.088955,0.924589,-0.266814,0.127882,1.100832,-0.261365,0.147024,1.243886,-0.247767,0.184844,1.460035,-0.284036,0.180627,1.426412,-0.424298,0.176829,1.390799,-0.525463,0.080980,1.148128,-0.563898,0.109679,0.918206,-0.584661,0.104170,0.823090,-0.604349,0.093840,0.715950,-0.550723,0.131855,0.784884,-0.216272,0.174486,1.422609,-0.090878,0.151541,1.384067,-0.019174,0.073473,1.119368,0.006436,0.135557,0.891201,0.022916,0.127028,0.787861,0.032838,0.117620,0.681179,0.009067,0.171215,0.761347,-0.366748,0.096165,0.927129,-0.411695,0.191214,0.535597,-0.427381,-0.019323,0.210732,-0.452616,-0.002015,0.023505,-0.191751,0.082452,0.922299,-0.205575,0.084971,0.517576,-0.240905,-0.035712,0.146805,-0.214402,0.075442,0.014866,-0.241648,0.212202,1.537860,-0.232652,0.367268,1.489359,-0.253904,0.357536,1.540995,-0.315356,0.259958,1.597412,-0.202199,0.354466,1.530024,-0.148939,0.243998,1.580662,
20200924_07:28:-54.639,-0.275349,0.122153,0.920608,-0.264442,0.163503,1.095912,-0.256437,0.185196,1.238304,-0.243648,0.224883,1.453896,-0.279789,0.218985,1.420478,-0.419811,0.209551,1.385694,-0.522331,0.100056,1.149852,-0.566469,0.112323,0.919781,-0.592567,0.096011,0.827377,-0.606472,0.091674,0.719063,-0.568258,0.154757,0.781876,-0.211926,0.215585,1.416464,-0.086275,0.196328,1.377303,-0.015201,0.117204,1.113120,0.002638,0.180422,0.884824,0.019521,0.183852,0.781383,-0.046681,0.173823,0.697379,-0.004376,0.202810,0.756019,-0.367243,0.128751,0.924769,-0.409126,0.247145,0.539824,-0.422213,0.061964,0.200291,-0.447801,0.096472,0.015744,-0.192485,0.116204,0.916855,-0.207740,0.102808,0.512889,-0.244533,-0.031567,0.147509,-0.218703,0.073952,0.011163,-0.238381,0.252935,1.531430,-0.232527,0.408163,1.483632,-0.252791,0.397872,1.535481,-0.311780,0.299211,1.592289,-0.201286,0.395652,1.523704,-0.145623,0.285908,1.572890,
20200924_07:28:-54.683,-0.275821,0.152763,0.917470,-0.263660,0.195694,1.092161,-0.254612,0.219249,1.234076,-0.244044,0.259377,1.449527,-0.279807,0.252506,1.415949,-0.419137,0.240001,1.379861,-0.519983,0.121109,1.148150,-0.568073,0.113859,0.918851,-0.593055,0.087366,0.828606,-0.598289,0.088252,0.719534,-0.558367,0.150739,0.782012,-0.211912,0.250904,1.412302,-0.085923,0.235578,1.372856,-0.013176,0.157820,1.108970,0.004086,0.214411,0.879096,0.045249,0.234116,0.784775,0.038053,0.204108,0.681968,0.001444,0.275504,0.756124,-0.367603,0.159502,0.922203,-0.404174,0.295207,0.542813,-0.418105,0.148095,0.185505,-0.442629,0.219267,0.011786,-0.193058,0.146685,0.913202,-0.206256,0.120933,0.510089,-0.244530,-0.025559,0.149891,-0.215766,0.075373,0.010865,-0.239941,0.287590,1.527002,-0.238804,0.441617,1.475560,-0.258099,0.432040,1.527864,-0.313678,0.333329,1.587708,-0.206752,0.430885,1.515452,-0.147628,0.323912,1.566384,
20200924_07:28:-54.727,-0.277967,0.189175,0.913590,-0.265105,0.232628,1.087854,-0.255498,0.258053,1.229213,-0.248181,0.294143,1.445214,-0.283374,0.287330,1.411123,-0.421952,0.273632,1.373381,-0.521010,0.146877,1.145548,-0.571702,0.126306,0.917944,-0.593134,0.093332,0.829071,-0.597979,0.088733,0.720221,-0.557307,0.144386,0.780809,-0.215515,0.286940,1.408278,-0.089526,0.274554,1.368398,-0.009792,0.201344,1.105642,0.013518,0.253676,0.875619,0.049037,0.300618,0.789106,0.065119,0.285839,0.684160,-0.018435,0.305362,0.745846,-0.369543,0.196877,0.918429,-0.398860,0.338561,0.541178,-0.413110,0.243356,0.167227,-0.434290,0.347586,0.010904,-0.195388,0.182231,0.909227,-0.205690,0.144298,0.507536,-0.242809,-0.015690,0.153579,-0.215904,0.079028,0.010169,-0.245483,0.320885,1.523154,-0.247280,0.474134,1.470111,-0.266374,0.464770,1.522447,-0.319994,0.365802,1.583279,-0.215080,0.464464,1.510064,-0.154012,0.359342,1.562085,
20200924_07:28:-54.771,-0.278250,0.229861,0.909362,-0.266719,0.272632,1.083509,-0.258414,0.297367,1.224774,-0.254504,0.331069,1.440797,-0.289085,0.324603,1.406162,-0.427518,0.312225,1.368558,-0.523709,0.181336,1.142537,-0.577360,0.145695,0.917983,-0.596794,0.109640,0.830069,-0.606412,0.091434,0.723201,-0.558930,0.143215,0.784459,-0.221327,0.324308,1.404373,-0.094803,0.312089,1.367122,-0.008283,0.243849,1.105804,0.018539,0.306662,0.879312,0.038387,0.359910,0.791700,0.056595,0.353055,0.686508,-0.006048,0.358303,0.755747,-0.369512,0.239466,0.913046,-0.389107,0.377693,0.534764,-0.403378,0.336037,0.151933,-0.416350,0.466085,0.015833,-0.195956,0.221201,0.906041,-0.200562,0.172249,0.506265,-0.235261,0.004365,0.156621,-0.210953,0.087617,0.006232,-0.253050,0.356921,1.518892,-0.256413,0.510669,1.468446,-0.277059,0.500017,1.519812,-0.330432,0.399083,1.576972,-0.225477,0.501036,1.509258,-0.164051,0.396600,1.561554,
20200924_07:28:-54.772,-0.277835,0.273296,0.898888,-0.269528,0.315452,1.073099,-0.264077,0.337695,1.214705,-0.266672,0.369237,1.430753,-0.300137,0.362849,1.395123,-0.437484,0.350295,1.354512,-0.528261,0.213783,1.130081,-0.579549,0.166091,0.907573,-0.595376,0.129360,0.819371,-0.594133,0.107141,0.712998,-0.559891,0.148439,0.772430,-0.232454,0.363112,1.395291,-0.105326,0.351579,1.360653,-0.011174,0.288077,1.101233,0.019526,0.362346,0.879101,0.038056,0.411719,0.789142,0.047269,0.386283,0.685804,0.000273,0.412485,0.756699,-0.368988,0.283157,0.900848,-0.380027,0.417259,0.521360,-0.388758,0.412929,0.136687,-0.394262,0.557597,0.016099,-0.195638,0.264403,0.897120,-0.191672,0.204865,0.499368,-0.223393,0.025228,0.155968,-0.199347,0.094690,-0.001029,-0.267683,0.394288,1.508991,-0.267335,0.548512,1.460683,-0.288485,0.537650,1.511710,-0.344341,0.437317,1.567116,-0.236906,0.537661,1.501475,-0.178209,0.431344,1.552621,
20200924_07:28:-54.815,-0.275621,0.319156,0.892343,-0.271797,0.358490,1.067135,-0.270199,0.377609,1.209110,-0.281471,0.402481,1.425470,-0.313426,0.396981,1.388421,-0.448708,0.383288,1.342268,-0.533105,0.247797,1.115179,-0.580095,0.194760,0.893242,-0.599391,0.164462,0.803436,-0.604101,0.129445,0.700810,-0.572791,0.162611,0.756947,-0.245891,0.397666,1.391256,-0.117743,0.387148,1.360964,-0.014416,0.329614,1.104047,0.022762,0.413237,0.886596,0.040783,0.460762,0.795697,0.064888,0.468779,0.692080,0.009827,0.460044,0.765185,-0.366583,0.329855,0.891926,-0.369967,0.464834,0.513145,-0.371378,0.475904,0.128999,-0.371596,0.628457,0.018824,-0.193597,0.309509,0.892719,-0.180258,0.246025,0.496298,-0.209317,0.056251,0.158721,-0.186675,0.112018,-0.003613,-0.285727,0.425092,1.504230,-0.279307,0.580110,1.459723,-0.301253,0.568836,1.510243,-0.361155,0.469467,1.562710,-0.249687,0.567189,1.500424,-0.195446,0.457727,1.549376,
20200924_07:28:-54.831,-0.275351,0.362081,0.894822,-0.274099,0.399384,1.070076,-0.274970,0.415747,1.212385,-0.292689,0.435567,1.428811,-0.323524,0.431068,1.390700,-0.456267,0.417588,1.337674,-0.536354,0.288349,1.105475,-0.581081,0.231950,0.883927,-0.596476,0.207260,0.791694,-0.615127,0.174852,0.689814,-0.581351,0.191896,0.750980,-0.256111,0.431417,1.395583,-0.127444,0.420598,1.367762,-0.018202,0.364137,1.113098,0.023280,0.452554,0.898368,0.043878,0.500071,0.808026,0.073252,0.532384,0.710700,0.019241,0.501869,0.780974,-0.366080,0.374379,0.892853,-0.364387,0.507122,0.513318,-0.362223,0.518934,0.129240,-0.357436,0.676182,0.026025,-0.193537,0.350992,0.896598,-0.174193,0.291472,0.499855,-0.205020,0.090011,0.169330,-0.180550,0.131098,0.002952,-0.299246,0.456335,1.507911,-0.294727,0.611300,1.463053,-0.316926,0.599834,1.513412,-0.375796,0.499740,1.565634,-0.265267,0.598920,1.504029,-0.209845,0.490402,1.553717,
20200924_07:28:-54.871,-0.275978,0.398229,0.904579,-0.276651,0.434549,1.080314,-0.279186,0.449513,1.222970,-0.302193,0.466367,1.439475,-0.332139,0.462447,1.400506,-0.462500,0.449752,1.341177,-0.536863,0.329257,1.101985,-0.579886,0.270276,0.880409,-0.590251,0.244985,0.787489,-0.610810,0.221744,0.683326,-0.582166,0.235995,0.747545,-0.264766,0.462612,1.407048,-0.135379,0.451601,1.381834,-0.023399,0.396087,1.127687,0.021321,0.487575,0.914514,0.042906,0.533884,0.823600,0.070576,0.579551,0.731069,0.020923,0.537941,0.798616,-0.366799,0.410667,0.901661,-0.363958,0.538720,0.519897,-0.360713,0.542214,0.135091,-0.353103,0.703437,0.037844,-0.194080,0.387013,0.907211,-0.169835,0.339102,0.508567,-0.201764,0.122475,0.187189,-0.177763,0.152630,0.018157,-0.310665,0.486069,1.518792,-0.307550,0.641098,1.473181,-0.330332,0.629559,1.523355,-0.388694,0.528793,1.575316,-0.278463,0.629282,1.514684,-0.222237,0.521579,1.565741,
20200924_07:28:-54.915,-0.277100,0.431654,0.912150,-0.279600,0.466774,1.088302,-0.283292,0.480617,1.231196,-0.310147,0.496887,1.447532,-0.339424,0.492836,1.408008,-0.467926,0.479550,1.344533,-0.536176,0.368798,1.098569,-0.575347,0.315810,0.874522,-0.580688,0.289129,0.781462,-0.595183,0.273187,0.674817,-0.570473,0.286190,0.742067,-0.272105,0.493452,1.415711,-0.141777,0.484109,1.394223,-0.028347,0.429845,1.140120,0.016438,0.523218,0.927507,0.037891,0.565619,0.834553,0.063155,0.617338,0.744422,0.015983,0.567114,0.808968,-0.368263,0.442012,0.908791,-0.367488,0.562591,0.524153,-0.363579,0.555013,0.139011,-0.358308,0.717054,0.042592,-0.194895,0.422315,0.915179,-0.164615,0.394627,0.514612,-0.194028,0.163146,0.203009,-0.168765,0.177902,0.031943,-0.320122,0.516388,1.526812,-0.321975,0.672902,1.485845,-0.345551,0.658954,1.535098,-0.401237,0.554368,1.582578,-0.293457,0.660945,1.527769,-0.234266,0.553874,1.577128,
20200924_07:28:-54.959,-0.279393,0.466584,0.919681,-0.281678,0.501594,1.095893,-0.285590,0.513673,1.238969,-0.312325,0.532919,1.455118,-0.341647,0.529280,1.415575,-0.471048,0.519630,1.353216,-0.536392,0.417361,1.102769,-0.567855,0.383607,0.873791,-0.572344,0.351393,0.782432,-0.582771,0.335016,0.675357,-0.558098,0.351688,0.743529,-0.274337,0.528094,1.423399,-0.143812,0.515425,1.404851,-0.030814,0.458682,1.151036,0.014884,0.552305,0.938676,0.038429,0.587591,0.843265,0.066046,0.612358,0.742940,0.020712,0.586776,0.816116,-0.370440,0.478034,0.916225,-0.370331,0.581244,0.526485,-0.367482,0.562927,0.141620,-0.358935,0.724584,0.044720,-0.197293,0.456260,0.922796,-0.160372,0.450455,0.521794,-0.193744,0.209647,0.217652,-0.165146,0.212400,0.046462,-0.321878,0.553512,1.534191,-0.325582,0.710111,1.493551,-0.350225,0.695577,1.542120,-0.405201,0.589800,1.587826,-0.297988,0.698572,1.536217,-0.238131,0.592475,1.586926,
20200924_07:28:-55.003,-0.280717,0.506762,0.925904,-0.283536,0.536901,1.103031,-0.287364,0.545116,1.246401,-0.314760,0.560547,1.462802,-0.343965,0.557510,1.423114,-0.473406,0.547704,1.360819,-0.533200,0.462667,1.102622,-0.557913,0.463772,0.870324,-0.565359,0.422263,0.782984,-0.578573,0.398291,0.677648,-0.545206,0.426458,0.742752,-0.276665,0.556377,1.431108,-0.146041,0.544912,1.412354,-0.031569,0.489889,1.158780,0.012926,0.589861,0.949040,0.035391,0.617937,0.850996,0.056774,0.613184,0.746286,0.011610,0.618063,0.823389,-0.372095,0.515494,0.922964,-0.375323,0.598789,0.528448,-0.373932,0.579517,0.143572,-0.366792,0.741972,0.047853,-0.198319,0.498888,0.928555,-0.157643,0.513161,0.528076,-0.191165,0.269113,0.226480,-0.159623,0.272032,0.055788,-0.324593,0.579744,1.542202,-0.327555,0.736388,1.501590,-0.353077,0.721824,1.549702,-0.408883,0.616010,1.594348,-0.300736,0.724820,1.544746,-0.241803,0.618676,1.596475,
20200924_07:28:-55.003,-0.280425,0.532630,0.928835,-0.284249,0.562584,1.105876,-0.288940,0.572381,1.249045,-0.317353,0.589329,1.465083,-0.346338,0.587235,1.425206,-0.475834,0.581933,1.362658,-0.535602,0.511640,1.100215,-0.554971,0.539143,0.869164,-0.565777,0.507739,0.778094,-0.579625,0.498062,0.670637,-0.543137,0.517405,0.738918,-0.279218,0.583724,1.433701,-0.148879,0.567914,1.416706,-0.031324,0.511123,1.165109,0.017832,0.609093,0.955608,0.043468,0.630016,0.856619,0.054582,0.610587,0.752068,0.015600,0.636046,0.828240,-0.371585,0.542725,0.925157,-0.373255,0.606188,0.527177,-0.372298,0.579982,0.142917,-0.360781,0.738885,0.042001,-0.198221,0.523526,0.932151,-0.147693,0.571455,0.535643,-0.187175,0.328911,0.233824,-0.154576,0.324987,0.063445,-0.327077,0.609059,1.544320,-0.321591,0.765761,1.504550,-0.348901,0.752228,1.551941,-0.410709,0.649064,1.594646,-0.296401,0.752736,1.548237,-0.243879,0.643720,1.600712,
20200924_07:28:-55.047,-0.279199,0.553560,0.930669,-0.283242,0.583883,1.107616,-0.287979,0.596142,1.250573,-0.315623,0.616232,1.466409,-0.344706,0.614451,1.426597,-0.474798,0.613159,1.365133,-0.536393,0.557120,1.099743,-0.551029,0.609936,0.872814,-0.562965,0.588648,0.779015,-0.574916,0.594859,0.671092,-0.534627,0.602311,0.741722,-0.277698,0.609283,1.435052,-0.147743,0.590109,1.418747,-0.029488,0.530137,1.168265,0.021350,0.626378,0.958403,0.047910,0.643593,0.858961,0.046277,0.612469,0.756700,0.018434,0.652681,0.830022,-0.370237,0.564504,0.926714,-0.372064,0.612675,0.526656,-0.372257,0.577424,0.143175,-0.358407,0.732475,0.036763,-0.197107,0.543692,0.934236,-0.142516,0.620273,0.542858,-0.183802,0.386032,0.234859,-0.151138,0.384255,0.064482,-0.324711,0.637088,1.545419,-0.315228,0.794542,1.509671,-0.343164,0.780481,1.556531,-0.407687,0.677802,1.596227,-0.290651,0.779823,1.553159,-0.241101,0.668307,1.603166,
20200924_07:28:-55.066,-0.278037,0.584350,0.931916,-0.284273,0.613517,1.108935,-0.290414,0.624887,1.251866,-0.318458,0.643432,1.467718,-0.347441,0.642174,1.427833,-0.477846,0.641334,1.367136,-0.538691,0.609055,1.097742,-0.550321,0.684524,0.877210,-0.557400,0.679876,0.780689,-0.566759,0.694547,0.673365,-0.525620,0.698687,0.747267,-0.280514,0.636473,1.436410,-0.150556,0.616747,1.421169,-0.030712,0.559857,1.170827,0.023884,0.654947,0.961470,0.052388,0.672908,0.862735,0.046708,0.647226,0.759152,0.024133,0.687556,0.834473,-0.369295,0.592647,0.927334,-0.370645,0.624377,0.525765,-0.369925,0.582117,0.143118,-0.357679,0.733017,0.030811,-0.195746,0.576869,0.936047,-0.139000,0.677499,0.550599,-0.173727,0.461761,0.228743,-0.145284,0.467852,0.057766,-0.327598,0.663711,1.546845,-0.317807,0.821332,1.512163,-0.346782,0.806937,1.558264,-0.411856,0.703875,1.595880,-0.294219,0.806466,1.556127,-0.245501,0.694883,1.606688,
20200924_07:28:-55.107,-0.273410,0.619437,0.931808,-0.283135,0.642876,1.109411,-0.291613,0.651128,1.252349,-0.320925,0.664744,1.468267,-0.349643,0.664556,1.428208,-0.479332,0.665435,1.366197,-0.537108,0.661306,1.094409,-0.546326,0.756415,0.881643,-0.538403,0.794190,0.792835,-0.538881,0.796741,0.684205,-0.524676,0.794998,0.749884,-0.282839,0.658344,1.437062,-0.152595,0.640375,1.422806,-0.029314,0.588884,1.173157,0.029068,0.684572,0.965260,0.059962,0.702691,0.867342,0.054429,0.681617,0.762783,0.033746,0.722080,0.839950,-0.364751,0.625048,0.926066,-0.364415,0.644412,0.523951,-0.361105,0.598064,0.142024,-0.352633,0.745252,0.024743,-0.191044,0.614378,0.936986,-0.133134,0.737995,0.558716,-0.161699,0.549593,0.219825,-0.131247,0.570862,0.050523,-0.330470,0.683199,1.547741,-0.321224,0.840938,1.513915,-0.350419,0.826186,1.559720,-0.415200,0.722688,1.596373,-0.297873,0.825982,1.557936,-0.248980,0.714458,1.608250,
20200924_07:28:-55.151,-0.270052,0.649394,0.931082,-0.281363,0.670956,1.108697,-0.290933,0.678912,1.251478,-0.319852,0.690337,1.467414,-0.348588,0.690953,1.427417,-0.478270,0.694705,1.365742,-0.536051,0.717625,1.095099,-0.544804,0.829608,0.890884,-0.534800,0.883610,0.811218,-0.535685,0.897107,0.703482,-0.516165,0.892558,0.769810,-0.281902,0.683862,1.436117,-0.151694,0.665989,1.422311,-0.027745,0.615407,1.173042,0.034128,0.707764,0.964844,0.065362,0.727272,0.867383,0.063639,0.716869,0.761176,0.041296,0.750753,0.841667,-0.361339,0.654035,0.924705,-0.360692,0.658845,0.522447,-0.357431,0.604455,0.141865,-0.349872,0.746606,0.018678,-0.187735,0.645210,0.936833,-0.131323,0.780863,0.562796,-0.155648,0.623299,0.208509,-0.125418,0.662298,0.042484,-0.329097,0.707960,1.547051,-0.324499,0.867388,1.521855,-0.354463,0.849237,1.565857,-0.416513,0.741858,1.594975,-0.301951,0.850918,1.565710,-0.250647,0.738679,1.611587,
20200924_07:28:-55.195,-0.266171,0.674971,0.930184,-0.277756,0.696455,1.107689,-0.287410,0.706536,1.250249,-0.314572,0.720294,1.466155,-0.343558,0.721103,1.426376,-0.473408,0.729066,1.365649,-0.531386,0.775794,1.098290,-0.535405,0.906017,0.905195,-0.523270,0.972523,0.836041,-0.528782,0.999863,0.731166,-0.506213,0.976552,0.785600,-0.276990,0.712863,1.434670,-0.147011,0.694019,1.420708,-0.024329,0.640531,1.171598,0.039348,0.727384,0.961732,0.069088,0.745152,0.863536,0.068734,0.740505,0.756969,0.047755,0.771177,0.839342,-0.357407,0.679415,0.923691,-0.358651,0.671250,0.521714,-0.357102,0.604894,0.143242,-0.350729,0.740789,0.013275,-0.183899,0.670964,0.936038,-0.130775,0.813423,0.564300,-0.152412,0.681477,0.199757,-0.122809,0.737433,0.038642,-0.322924,0.738740,1.545656,-0.319630,0.897185,1.515182,-0.346831,0.880553,1.561480,-0.407107,0.774434,1.597754,-0.294455,0.882038,1.558039,-0.240630,0.771183,1.604182,
20200924_07:28:-55.239,-0.260056,0.707707,0.927820,-0.274613,0.729052,1.104954,-0.286560,0.737568,1.247308,-0.313170,0.748979,1.463213,-0.342193,0.750537,1.423540,-0.472186,0.761586,1.363930,-0.529678,0.829906,1.101426,-0.529386,0.980300,0.923831,-0.513834,1.048373,0.857053,-0.513826,1.096691,0.759996,-0.494377,1.059123,0.812886,-0.275752,0.741581,1.431598,-0.145652,0.724435,1.417741,-0.021233,0.668899,1.170246,0.045486,0.755121,0.961314,0.078600,0.769830,0.863798,0.087484,0.778458,0.757951,0.058140,0.803565,0.838162,-0.351175,0.710325,0.920016,-0.353110,0.685990,0.519072,-0.350812,0.610087,0.142769,-0.346280,0.739710,0.006716,-0.177890,0.705347,0.934857,-0.131435,0.843160,0.560886,-0.140410,0.746236,0.185369,-0.111592,0.827117,0.035245,-0.321194,0.766532,1.542871,-0.314624,0.924439,1.510970,-0.342342,0.908799,1.557242,-0.404821,0.804336,1.594171,-0.289981,0.909216,1.554049,-0.238629,0.797863,1.601443,
20200924_07:28:-55.239,-0.255040,0.741413,0.926665,-0.271823,0.763920,1.103285,-0.285530,0.769980,1.245468,-0.310650,0.781840,1.461318,-0.339830,0.784021,1.421849,-0.470163,0.799399,1.364305,-0.528661,0.878386,1.105320,-0.518653,1.043204,0.941644,-0.504257,1.117000,0.881112,-0.505178,1.180931,0.793681,-0.486470,1.135559,0.842878,-0.273611,0.773680,1.429520,-0.143826,0.755575,1.415136,-0.018929,0.698119,1.168629,0.052836,0.782271,0.960782,0.082414,0.789676,0.861425,0.101486,0.796024,0.756872,0.071600,0.828000,0.837842,-0.346002,0.742900,0.917832,-0.349404,0.704019,0.518432,-0.346868,0.615337,0.145313,-0.345098,0.736880,0.002169,-0.173015,0.740072,0.934631,-0.132176,0.870391,0.557740,-0.132137,0.802413,0.176192,-0.107832,0.901270,0.036589,-0.317847,0.799505,1.540950,-0.307891,0.956398,1.505859,-0.337148,0.942222,1.551589,-0.402235,0.839655,1.588905,-0.284766,0.941780,1.549919,-0.236603,0.830852,1.601155,
20200924_07:28:-55.283,-0.252436,0.774357,0.921797,-0.267679,0.795125,1.098679,-0.280165,0.798721,1.240987,-0.300793,0.807172,1.457364,-0.330687,0.810571,1.418550,-0.462558,0.829172,1.365843,-0.526361,0.924792,1.113961,-0.511060,1.101320,0.963611,-0.495096,1.181841,0.912921,-0.497805,1.255298,0.833439,-0.476963,1.203756,0.875658,-0.264560,0.798928,1.424708,-0.135200,0.780189,1.408082,-0.013865,0.721634,1.160219,0.057232,0.806834,0.952703,0.085483,0.815167,0.853086,0.102565,0.821656,0.748253,0.071561,0.854505,0.829211,-0.343427,0.775896,0.913774,-0.351568,0.729937,0.515395,-0.353521,0.629167,0.145552,-0.352383,0.742251,-0.004254,-0.170385,0.772969,0.929031,-0.138242,0.900057,0.550410,-0.138324,0.857503,0.165391,-0.115896,0.969427,0.035803,-0.306094,0.823531,1.537381,-0.293704,0.979801,1.500686,-0.324397,0.966462,1.545686,-0.391441,0.864992,1.582317,-0.272021,0.965545,1.545560,-0.226406,0.854911,1.599523,
20200924_07:28:-55.298,-0.248729,0.808212,0.919766,-0.262552,0.828820,1.096624,-0.273959,0.829898,1.238938,-0.289449,0.837013,1.455599,-0.320143,0.841176,1.417547,-0.453299,0.863344,1.370050,-0.524091,0.966515,1.123336,-0.503492,1.149454,0.981861,-0.486567,1.236993,0.945226,-0.491488,1.315966,0.871476,-0.462631,1.260018,0.903697,-0.254144,0.828457,1.422083,-0.125390,0.808260,1.403505,-0.007584,0.748238,1.154576,0.062368,0.832879,0.946676,0.089029,0.841341,0.846728,0.095685,0.847514,0.740796,0.074280,0.878698,0.822906,-0.339697,0.809880,0.912461,-0.352652,0.756118,0.515545,-0.357084,0.640061,0.150586,-0.362945,0.742638,-0.006298,-0.166699,0.806707,0.926352,-0.140309,0.926110,0.545167,-0.141225,0.897288,0.159221,-0.121334,1.013524,0.033269,-0.292643,0.852828,1.535763,-0.281237,1.008409,1.496533,-0.311282,0.995689,1.542083,-0.377466,0.894686,1.581105,-0.258955,0.994928,1.541300,-0.212338,0.885381,1.596330,
20200924_07:28:-55.339,-0.244013,0.842387,0.918917,-0.256497,0.862066,1.095944,-0.267144,0.860752,1.238286,-0.277466,0.865578,1.455273,-0.308964,0.870650,1.418009,-0.443676,0.895494,1.376719,-0.520076,1.003497,1.133839,-0.493318,1.193191,1.002750,-0.475512,1.282826,0.972149,-0.475849,1.364272,0.901005,-0.450178,1.307646,0.930818,-0.243096,0.856877,1.420850,-0.115025,0.835347,1.399449,-0.000940,0.773612,1.149274,0.067869,0.858230,0.941039,0.093412,0.865443,0.840724,0.102980,0.870712,0.734988,0.077877,0.904289,0.816539,-0.334962,0.845626,0.912144,-0.352518,0.786064,0.516316,-0.361352,0.655636,0.156407,-0.375293,0.739930,-0.010490,-0.162001,0.839467,0.925025,-0.139628,0.950443,0.541132,-0.143570,0.932269,0.154636,-0.123398,1.050580,0.030725,-0.278544,0.880502,1.535647,-0.275425,1.037739,1.502021,-0.302136,1.022137,1.548724,-0.361953,0.917200,1.587557,-0.249973,1.023502,1.544808,-0.196006,0.913953,1.592574,
20200924_07:28:-55.383,-0.239131,0.876990,0.923657,-0.249327,0.895574,1.101052,-0.258283,0.892278,1.243560,-0.262237,0.894633,1.460922,-0.294822,0.900189,1.424636,-0.431074,0.925370,1.388662,-0.516436,1.032259,1.148105,-0.489269,1.224463,1.020570,-0.469829,1.315740,0.996298,-0.462588,1.396723,0.924898,-0.442431,1.340590,0.951655,-0.228889,0.886265,1.425389,-0.101876,0.863792,1.398813,0.005539,0.801423,1.145678,0.071867,0.886528,0.936685,0.094755,0.891644,0.835542,0.098649,0.895254,0.729315,0.081761,0.935680,0.812237,-0.330187,0.880815,0.918023,-0.352808,0.819479,0.522491,-0.364682,0.672938,0.168688,-0.384086,0.745385,-0.003271,-0.157022,0.873541,0.928738,-0.140364,0.973386,0.541276,-0.147123,0.958098,0.154471,-0.131905,1.077968,0.031216,-0.260929,0.908644,1.541504,-0.265932,1.066285,1.509601,-0.289619,1.049127,1.557415,-0.343105,0.941369,1.597960,-0.237789,1.052691,1.550922,-0.177026,0.944949,1.594676,
20200924_07:28:-55.427,-0.230891,0.914195,0.928720,-0.239909,0.930768,1.106466,-0.248075,0.925096,1.249017,-0.247071,0.925348,1.466532,-0.280502,0.931185,1.431037,-0.418303,0.955943,1.400854,-0.512428,1.055404,1.160224,-0.485466,1.249080,1.034679,-0.469022,1.341586,1.012777,-0.453167,1.421153,0.941098,-0.440009,1.365706,0.965282,-0.214510,0.917391,1.430151,-0.088397,0.894586,1.399553,0.014557,0.831611,1.144568,0.078252,0.916028,0.934350,0.098591,0.921497,0.832630,0.098320,0.923871,0.726245,0.088153,0.963631,0.810857,-0.321996,0.918676,0.923680,-0.348289,0.858970,0.527927,-0.362405,0.696667,0.180947,-0.383083,0.753652,0.003312,-0.148737,0.910154,0.933266,-0.136469,0.996556,0.542222,-0.146067,0.980576,0.155316,-0.132855,1.101093,0.032342,-0.243950,0.938591,1.547235,-0.256540,1.096787,1.520130,-0.277672,1.077341,1.568297,-0.325190,0.966327,1.607671,-0.226290,1.083230,1.559980,-0.159558,0.976882,1.598304,
20200924_07:28:-55.471,-0.223374,0.948672,0.935560,-0.229792,0.965555,1.113422,-0.236478,0.959595,1.256064,-0.231182,0.958404,1.473552,-0.265220,0.964979,1.438758,-0.403818,0.991228,1.413819,-0.506813,1.077940,1.171836,-0.480769,1.268892,1.041924,-0.464877,1.361453,1.019772,-0.441565,1.438939,0.947821,-0.432038,1.383622,0.971615,-0.199464,0.950194,1.436478,-0.074814,0.924425,1.402338,0.022733,0.860134,1.145506,0.086032,0.942607,0.934352,0.102728,0.945946,0.831861,0.094732,0.943315,0.725763,0.093838,0.984703,0.810933,-0.314377,0.955855,0.931595,-0.346852,0.900803,0.535553,-0.366095,0.720884,0.197547,-0.386481,0.761197,0.015335,-0.141314,0.942195,0.939136,-0.132453,1.015227,0.545212,-0.147189,0.989549,0.158920,-0.134743,1.105891,0.031870,-0.226269,0.971071,1.554274,-0.235957,1.129995,1.530243,-0.259122,1.109769,1.577149,-0.309411,0.998514,1.612239,-0.207388,1.115188,1.570893,-0.143401,1.007172,1.609316,
20200924_07:28:-55.472,-0.215227,0.984040,0.939067,-0.219824,1.001149,1.116909,-0.225354,0.995047,1.259551,-0.217142,0.994274,1.476886,-0.251622,1.000837,1.442549,-0.391075,1.026707,1.422760,-0.503031,1.095257,1.179032,-0.478147,1.280204,1.040608,-0.469056,1.373425,1.017531,-0.436517,1.449703,0.947960,-0.424564,1.394737,0.972687,-0.185948,0.985939,1.439416,-0.061878,0.958758,1.404424,0.029882,0.891135,1.146411,0.091621,0.970873,0.933828,0.108548,0.974501,0.831416,0.100775,0.968828,0.725454,0.097337,1.012079,0.810688,-0.306124,0.992489,0.935904,-0.342693,0.944628,0.539407,-0.364662,0.748569,0.210806,-0.383471,0.770104,0.025325,-0.133261,0.976422,0.941918,-0.128615,1.034162,0.545514,-0.146756,0.998598,0.160269,-0.136843,1.109312,0.028139,-0.211126,1.007087,1.557484,-0.219881,1.166271,1.535198,-0.242138,1.145808,1.582420,-0.292622,1.034714,1.617601,-0.190529,1.150815,1.575021,-0.126701,1.041888,1.610913,
20200924_07:28:-55.515,-0.209377,1.014384,0.941219,-0.211772,1.032784,1.119028,-0.215967,1.027476,1.261790,-0.204692,1.028740,1.479049,-0.239665,1.034978,1.445131,-0.379828,1.059633,1.428807,-0.500246,1.107506,1.184084,-0.479870,1.285515,1.036047,-0.478454,1.376863,1.004994,-0.446774,1.451254,0.932977,-0.427734,1.399976,0.965501,-0.174017,1.020057,1.441212,-0.050416,0.991129,1.405820,0.036792,0.920559,1.146928,0.096087,0.998316,0.932844,0.114073,1.006072,0.830812,0.099069,1.014815,0.725808,0.101482,1.033719,0.808811,-0.300140,1.024647,0.938934,-0.342007,0.989443,0.541516,-0.364205,0.776967,0.223164,-0.382393,0.780861,0.036360,-0.127531,1.005130,0.943279,-0.125998,1.048764,0.544932,-0.149461,0.998233,0.161537,-0.136783,1.103652,0.025310,-0.197543,1.042313,1.559455,-0.204968,1.201300,1.535043,-0.225845,1.181843,1.583328,-0.276552,1.071954,1.621941,-0.174447,1.186031,1.574071,-0.110834,1.076751,1.609411,
20200924_07:28:-55.530,-0.205086,1.043870,0.941855,-0.204841,1.064876,1.119357,-0.206981,1.061493,1.262196,-0.194021,1.065949,1.479277,-0.229335,1.071230,1.445565,-0.370259,1.092411,1.431271,-0.497388,1.117080,1.186563,-0.488607,1.282761,1.023868,-0.492139,1.369441,0.981663,-0.463753,1.440779,0.905342,-0.440555,1.393993,0.945588,-0.163533,1.057163,1.441326,-0.040149,1.027568,1.405818,0.044148,0.955595,1.146407,0.100314,1.030066,0.930369,0.119010,1.036816,0.828413,0.103942,1.053669,0.724433,0.103610,1.064123,0.806169,-0.295833,1.054322,0.940743,-0.341580,1.034315,0.542776,-0.363909,0.807142,0.234839,-0.384115,0.793516,0.048737,-0.123256,1.034445,0.942857,-0.125166,1.062306,0.543176,-0.151889,0.997086,0.162294,-0.143764,1.095123,0.020368,-0.186431,1.080739,1.559411,-0.194912,1.238846,1.530288,-0.213613,1.220977,1.580044,-0.262556,1.112479,1.624364,-0.162689,1.224787,1.568379,-0.097593,1.116612,1.604318,
20200924_07:28:-55.575,-0.204137,1.069996,0.942094,-0.201078,1.095180,1.119000,-0.200834,1.095088,1.261874,-0.185254,1.104424,1.478597,-0.221103,1.108141,1.445253,-0.362738,1.124249,1.431596,-0.493874,1.124223,1.187805,-0.500172,1.271852,1.008507,-0.510690,1.351093,0.954519,-0.488683,1.418025,0.872347,-0.457888,1.378523,0.920523,-0.155045,1.095578,1.440445,-0.031994,1.065771,1.404045,0.049476,0.990792,1.144626,0.100374,1.061392,0.926035,0.119625,1.065832,0.824070,0.104577,1.083686,0.720269,0.103005,1.096182,0.801067,-0.294940,1.079889,0.942256,-0.344112,1.081397,0.544254,-0.364335,0.841576,0.245982,-0.387419,0.817572,0.061296,-0.122256,1.061075,0.941948,-0.127573,1.074044,0.541594,-0.157187,0.991415,0.164379,-0.150931,1.082938,0.018104,-0.177018,1.121074,1.558289,-0.190506,1.277874,1.524483,-0.209240,1.260805,1.574498,-0.255024,1.152011,1.621347,-0.158333,1.266033,1.563352,-0.090071,1.161258,1.603210,
20200924_07:28:-55.615,-0.204061,1.094322,0.942459,-0.199451,1.124734,1.118328,-0.197603,1.128844,1.260989,-0.180190,1.144475,1.476992,-0.216424,1.146236,1.443976,-0.358645,1.156906,1.432796,-0.491491,1.132576,1.191469,-0.518089,1.252718,0.994663,-0.539548,1.306498,0.917635,-0.531218,1.365889,0.827655,-0.504910,1.329210,0.879882,-0.150140,1.135498,1.438809,-0.027396,1.105036,1.402387,0.054221,1.029514,1.143476,0.100903,1.093195,0.922089,0.122658,1.098364,0.820769,0.111460,1.109420,0.715651,0.106574,1.128143,0.796757,-0.294922,1.102685,0.943395,-0.343507,1.127720,0.546508,-0.357339,0.882519,0.252770,-0.383249,0.855202,0.069111,-0.122128,1.086780,0.941615,-0.128366,1.087802,0.541464,-0.158483,0.985635,0.169506,-0.153697,1.067140,0.017563,-0.171674,1.163489,1.556040,-0.188894,1.319622,1.521610,-0.206539,1.302472,1.571929,-0.249330,1.193129,1.619972,-0.155966,1.308687,1.560041,-0.085043,1.205689,1.599452,
20200924_07:28:-55.659,-0.203522,1.115554,0.942454,-0.198758,1.148354,1.117753,-0.196441,1.156198,1.260145,-0.178762,1.178524,1.475373,-0.215102,1.178450,1.442482,-0.357508,1.185193,1.431986,-0.488600,1.141771,1.192624,-0.528658,1.235520,0.984296,-0.553795,1.271756,0.898696,-0.561679,1.320238,0.802452,-0.521059,1.285702,0.861206,-0.148644,1.169167,1.437384,-0.025731,1.139033,1.401619,0.057148,1.063692,1.143286,0.100898,1.123767,0.920482,0.124212,1.130349,0.819672,0.114984,1.136735,0.714057,0.108672,1.160606,0.795501,-0.294388,1.123057,0.943519,-0.340018,1.174007,0.549072,-0.350750,0.937788,0.248298,-0.378626,0.918094,0.064095,-0.121584,1.108787,0.941494,-0.126513,1.103298,0.541659,-0.155279,0.988614,0.173562,-0.150738,1.061448,0.017412,-0.170471,1.200020,1.553743,-0.188888,1.355026,1.515602,-0.206385,1.338967,1.566286,-0.248293,1.230564,1.616916,-0.155899,1.345282,1.554248,-0.084232,1.243889,1.596075,
20200924_07:28:-55.703,-0.203759,1.137282,0.940136,-0.199225,1.170502,1.115311,-0.196825,1.181495,1.257453,-0.179525,1.209791,1.471947,-0.215848,1.208253,1.439093,-0.358266,1.212269,1.427932,-0.485418,1.153625,1.189783,-0.534280,1.222098,0.973709,-0.563797,1.242709,0.884429,-0.588062,1.269924,0.782745,-0.530094,1.250169,0.848099,-0.149266,1.199926,1.434218,-0.026072,1.170737,1.398773,0.057762,1.096894,1.140402,0.099152,1.154964,0.916687,0.123103,1.163187,0.816177,0.115658,1.165552,0.710284,0.105777,1.192801,0.791863,-0.294619,1.144558,0.941108,-0.335379,1.225621,0.551308,-0.344265,1.007568,0.237189,-0.368829,0.998361,0.051749,-0.121827,1.130720,0.939260,-0.124510,1.123264,0.539548,-0.152430,0.998483,0.174800,-0.146773,1.063023,0.015131,-0.171592,1.233481,1.549696,-0.190861,1.387805,1.509456,-0.208590,1.372270,1.560204,-0.250052,1.264247,1.611914,-0.158083,1.378800,1.548440,-0.085996,1.278506,1.592045,
20200924_07:28:-55.704,-0.204155,1.167955,0.937404,-0.199580,1.204151,1.111851,-0.196968,1.217467,1.253683,-0.181077,1.249650,1.467574,-0.217228,1.246482,1.434702,-0.359300,1.245754,1.420268,-0.481211,1.170834,1.184191,-0.536585,1.207797,0.962265,-0.569097,1.207421,0.871733,-0.598792,1.211023,0.768018,-0.528653,1.216750,0.836462,-0.150460,1.240129,1.430092,-0.027279,1.212804,1.393501,0.058722,1.138179,1.136298,0.099352,1.193037,0.911818,0.123728,1.199278,0.811348,0.115729,1.198012,0.705556,0.102864,1.229914,0.785396,-0.295022,1.174195,0.938492,-0.333779,1.279880,0.554738,-0.342173,1.087543,0.224565,-0.360206,1.079158,0.038479,-0.122215,1.162328,0.936423,-0.124372,1.144572,0.537332,-0.149805,1.008422,0.176798,-0.148272,1.057676,0.011816,-0.174067,1.274783,1.544893,-0.197300,1.428091,1.503366,-0.215142,1.412408,1.553983,-0.254032,1.303668,1.605954,-0.164750,1.420310,1.542751,-0.090360,1.322518,1.587850,
20200924_07:28:-55.747,-0.206512,1.199058,0.934893,-0.200266,1.237293,1.108631,-0.195827,1.254054,1.249878,-0.180753,1.289036,1.463121,-0.216780,1.284226,1.430400,-0.358011,1.278255,1.411374,-0.476223,1.186510,1.179789,-0.537492,1.191183,0.956680,-0.567974,1.172680,0.867465,-0.596844,1.154027,0.765279,-0.530054,1.182705,0.831318,-0.149916,1.280228,1.425724,-0.026979,1.256413,1.386524,0.060415,1.181163,1.130348,0.099213,1.234249,0.905415,0.121236,1.240585,0.804537,0.104635,1.238280,0.699899,0.093170,1.270137,0.777529,-0.297368,1.203116,0.937266,-0.336768,1.327668,0.559795,-0.347789,1.170458,0.212105,-0.365378,1.187321,0.026781,-0.124584,1.195398,0.932753,-0.127388,1.168020,0.534696,-0.151570,1.020232,0.179196,-0.152960,1.061413,0.012230,-0.174524,1.315199,1.540059,-0.202772,1.467268,1.497837,-0.219583,1.451419,1.548681,-0.254587,1.342046,1.601704,-0.169633,1.460748,1.536877,-0.091954,1.365665,1.581763,
20200924_07:28:-55.766,-0.210559,1.236593,0.929515,-0.201830,1.276915,1.102253,-0.195475,1.295866,1.242820,-0.181393,1.332314,1.455379,-0.217194,1.326889,1.422675,-0.357638,1.319302,1.401031,-0.472121,1.212992,1.174611,-0.538717,1.188482,0.954902,-0.565216,1.154861,0.869135,-0.590041,1.117620,0.771324,-0.523851,1.168859,0.832486,-0.150431,1.323643,1.418205,-0.028168,1.300078,1.377770,0.058650,1.221748,1.123032,0.098178,1.273126,0.898390,0.117875,1.282947,0.797553,0.102406,1.279891,0.693007,0.095477,1.310780,0.773576,-0.301130,1.241481,0.932951,-0.336508,1.371433,0.557878,-0.352749,1.260094,0.194016,-0.370365,1.306123,0.014156,-0.128886,1.232185,0.926417,-0.130690,1.194824,0.530086,-0.157025,1.033410,0.181696,-0.160423,1.065788,0.013233,-0.175681,1.358984,1.531985,-0.206636,1.511006,1.493019,-0.221928,1.494206,1.543896,-0.254258,1.383869,1.595916,-0.172518,1.504277,1.531009,-0.092835,1.409630,1.572288,
20200924_07:28:-55.807,-0.211847,1.270133,0.925105,-0.203289,1.312517,1.096980,-0.197023,1.334543,1.236805,-0.186886,1.374639,1.448477,-0.222006,1.368233,1.415365,-0.361337,1.358782,1.389589,-0.469109,1.237786,1.167987,-0.536436,1.186243,0.953748,-0.561170,1.142456,0.872375,-0.584259,1.095510,0.778645,-0.518405,1.158475,0.835427,-0.155281,1.365752,1.412035,-0.033057,1.342937,1.371927,0.056614,1.262714,1.119412,0.098340,1.312985,0.895420,0.116732,1.320078,0.794327,0.104590,1.316893,0.689566,0.094032,1.347072,0.769824,-0.302228,1.275183,0.928360,-0.330717,1.406308,0.553983,-0.346287,1.342579,0.179612,-0.364061,1.418205,0.010496,-0.130345,1.265580,0.922170,-0.129632,1.220051,0.527519,-0.154811,1.045521,0.186317,-0.158853,1.068406,0.016675,-0.182762,1.402600,1.524545,-0.213862,1.554155,1.485227,-0.230591,1.537044,1.535417,-0.263437,1.426425,1.585861,-0.180993,1.547620,1.524195,-0.101928,1.453781,1.567601,
20200924_07:28:-55.851,-0.215045,1.314584,0.914569,-0.207996,1.358448,1.085792,-0.203348,1.380470,1.225407,-0.197798,1.420128,1.436914,-0.232129,1.413702,1.403121,-0.370635,1.403565,1.374768,-0.471931,1.271435,1.157153,-0.538889,1.200050,0.949050,-0.564644,1.150302,0.871735,-0.588843,1.092051,0.785134,-0.517206,1.153286,0.839371,-0.165470,1.411407,1.401200,-0.042928,1.387900,1.363335,0.050351,1.303986,1.113934,0.095915,1.352814,0.890834,0.118611,1.361769,0.790970,0.105404,1.367153,0.686630,0.088864,1.385376,0.764614,-0.305146,1.321800,0.916429,-0.323717,1.444151,0.539272,-0.337025,1.426579,0.160560,-0.351202,1.528518,0.005928,-0.133797,1.308076,0.912890,-0.127149,1.249789,0.520740,-0.150774,1.063597,0.186485,-0.152653,1.077663,0.016174,-0.195360,1.447907,1.512957,-0.229195,1.599804,1.478787,-0.244994,1.580937,1.528530,-0.275453,1.468536,1.575839,-0.195803,1.592603,1.517059,-0.114930,1.498899,1.556503,
20200924_07:28:-55.895,-0.215838,1.355986,0.905640,-0.210676,1.400452,1.076555,-0.207755,1.422378,1.216059,-0.207670,1.461939,1.427393,-0.241074,1.455091,1.392846,-0.378372,1.442679,1.360641,-0.469635,1.304361,1.142848,-0.532745,1.218375,0.939422,-0.533600,1.161530,0.862859,-0.539376,1.123657,0.762944,-0.489038,1.186311,0.833132,-0.174445,1.453672,1.392483,-0.051269,1.431485,1.356465,0.045517,1.346599,1.109115,0.093293,1.394577,0.886587,0.119373,1.401897,0.787547,0.105284,1.415644,0.684223,0.087919,1.425520,0.761477,-0.305772,1.364074,0.906252,-0.316775,1.482283,0.527982,-0.325073,1.494556,0.149377,-0.338398,1.610898,0.005477,-0.134740,1.348692,0.905089,-0.120760,1.282088,0.514945,-0.144854,1.085501,0.187270,-0.145546,1.090202,0.016641,-0.207374,1.489671,1.503386,-0.243566,1.641077,1.470367,-0.261008,1.620950,1.518980,-0.290545,1.507123,1.562941,-0.211741,1.634038,1.509900,-0.130365,1.541815,1.551236,
20200924_07:28:-55.939,-0.220422,1.399299,0.894819,-0.214700,1.446851,1.064711,-0.212122,1.469045,1.204044,-0.217798,1.509370,1.414951,-0.250214,1.503042,1.379442,-0.386820,1.490844,1.344884,-0.470164,1.353039,1.123938,-0.519669,1.279634,0.912230,-0.519031,1.229462,0.831242,-0.527929,1.194702,0.730535,-0.487160,1.252057,0.798891,-0.183708,1.500338,1.381147,-0.060054,1.475589,1.349097,0.037993,1.387808,1.103557,0.088769,1.434512,0.881652,0.117405,1.437683,0.783200,0.110178,1.457460,0.680248,0.088789,1.463917,0.758293,-0.309930,1.410565,0.894681,-0.314493,1.524217,0.515275,-0.318889,1.541145,0.137140,-0.328409,1.666485,0.000925,-0.139708,1.389140,0.894944,-0.117991,1.314704,0.506954,-0.147620,1.103745,0.189243,-0.146299,1.100284,0.018749,-0.219313,1.537357,1.490756,-0.255800,1.688999,1.459944,-0.273328,1.668107,1.508142,-0.302653,1.553649,1.550232,-0.224116,1.681459,1.499435,-0.142687,1.588939,1.539604,
20200924_07:28:-55.939,-0.222685,1.435830,0.895051,-0.215779,1.486326,1.064002,-0.212986,1.508878,1.203240,-0.222149,1.554995,1.412781,-0.253937,1.548584,1.376738,-0.389784,1.536988,1.339243,-0.466065,1.405065,1.112317,-0.503868,1.345565,0.893994,-0.507967,1.297581,0.811817,-0.523637,1.261198,0.712547,-0.484150,1.315037,0.777470,-0.187599,1.544149,1.380010,-0.064019,1.516438,1.350311,0.032423,1.425928,1.105201,0.086027,1.473491,0.884205,0.113962,1.468033,0.785677,0.119014,1.479969,0.681421,0.089122,1.498506,0.761028,-0.311852,1.449392,0.894643,-0.312945,1.559919,0.514388,-0.315813,1.570323,0.136094,-0.323714,1.698708,0.002701,-0.142279,1.423602,0.895419,-0.116974,1.349057,0.507764,-0.150066,1.124780,0.199776,-0.148476,1.110278,0.029909,-0.224548,1.585036,1.487751,-0.261853,1.735935,1.454554,-0.280067,1.715426,1.502648,-0.309095,1.601205,1.545489,-0.230840,1.729141,1.494692,-0.149332,1.637874,1.537388,
20200924_07:28:-55.983,-0.226518,1.465902,0.899530,-0.222623,1.516726,1.068682,-0.221871,1.538760,1.208186,-0.237679,1.583821,1.417802,-0.268386,1.576243,1.380986,-0.402439,1.557905,1.339367,-0.469684,1.424697,1.109986,-0.502495,1.361063,0.891756,-0.492716,1.332168,0.801414,-0.499500,1.320603,0.695257,-0.471981,1.333477,0.772786,-0.201941,1.574479,1.385770,-0.076710,1.551285,1.358599,0.025523,1.464923,1.113992,0.081344,1.516322,0.894137,0.103296,1.509346,0.794085,0.115674,1.506923,0.689670,0.084085,1.539459,0.771170,-0.316118,1.476989,0.898262,-0.316532,1.591002,0.518582,-0.316078,1.594942,0.139739,-0.325417,1.726810,0.009592,-0.145722,1.455904,0.900674,-0.113183,1.392176,0.511190,-0.138455,1.157522,0.209739,-0.135101,1.137595,0.040259,-0.243004,1.613525,1.492853,-0.282426,1.764128,1.459924,-0.299935,1.743417,1.508262,-0.327238,1.628768,1.551497,-0.250899,1.757710,1.499794,-0.167824,1.667317,1.541756,
20200924_07:28:-55.998,-0.232006,1.497624,0.907246,-0.230475,1.544069,1.077871,-0.230716,1.564634,1.217743,-0.249732,1.604152,1.428427,-0.279902,1.596560,1.391110,-0.412603,1.574833,1.346425,-0.470483,1.447567,1.110875,-0.500222,1.384974,0.891667,-0.483801,1.378441,0.797869,-0.480352,1.386590,0.691129,-0.466817,1.367710,0.768166,-0.213414,1.596640,1.396492,-0.087144,1.578007,1.370003,0.019085,1.501736,1.123437,0.075847,1.561543,0.905717,0.090702,1.552446,0.804433,0.098747,1.544476,0.699766,0.074049,1.581412,0.782753,-0.322051,1.505316,0.905960,-0.324089,1.623122,0.527033,-0.322926,1.624823,0.147799,-0.331170,1.760290,0.021057,-0.150809,1.490688,0.908406,-0.111133,1.447439,0.516380,-0.128702,1.208599,0.217195,-0.124176,1.187979,0.047655,-0.256608,1.631884,1.504188,-0.304746,1.780488,1.473053,-0.318875,1.759112,1.522262,-0.338574,1.643330,1.566948,-0.270999,1.775699,1.511370,-0.181683,1.689395,1.549327,
20200924_07:28:-56.039,-0.238238,1.531859,0.914713,-0.236659,1.574528,1.086517,-0.236607,1.592113,1.226948,-0.258282,1.626253,1.438551,-0.288013,1.619477,1.400660,-0.419779,1.597733,1.352841,-0.477161,1.475459,1.114201,-0.493966,1.448696,0.886231,-0.469416,1.470431,0.796482,-0.448376,1.504105,0.696884,-0.450774,1.466158,0.764846,-0.221521,1.619689,1.406834,-0.094875,1.603035,1.380135,0.013795,1.533834,1.132210,0.069926,1.601950,0.916507,0.081992,1.596665,0.814472,0.089998,1.584903,0.710045,0.068766,1.619694,0.799042,-0.328483,1.538326,0.913936,-0.330835,1.650178,0.532765,-0.330137,1.645914,0.153141,-0.335542,1.784744,0.029633,-0.156861,1.526027,0.915413,-0.113792,1.503146,0.521599,-0.125999,1.260765,0.224473,-0.121590,1.240188,0.054739,-0.266174,1.652060,1.514984,-0.314270,1.800699,1.483078,-0.327822,1.779808,1.532724,-0.347335,1.664393,1.578798,-0.279989,1.796141,1.521022,-0.190369,1.709784,1.558621,
20200924_07:28:-56.083,-0.241763,1.564036,0.921785,-0.240373,1.601751,1.094847,-0.240289,1.616903,1.235641,-0.264281,1.646120,1.447852,-0.293617,1.640462,1.409439,-0.424591,1.622041,1.357955,-0.483874,1.504681,1.117147,-0.497983,1.488053,0.887904,-0.471897,1.523093,0.802863,-0.445155,1.568919,0.709621,-0.451567,1.513762,0.768927,-0.227167,1.640059,1.416405,-0.100117,1.623145,1.391488,0.010779,1.560781,1.142561,0.067027,1.637665,0.929714,0.077312,1.642987,0.827429,0.081709,1.648278,0.722203,0.060554,1.671824,0.811114,-0.332086,1.570127,0.921183,-0.334138,1.671253,0.536796,-0.333020,1.664576,0.156996,-0.335529,1.803698,0.033568,-0.160315,1.558543,0.922328,-0.111977,1.560766,0.528243,-0.122268,1.319887,0.229551,-0.115858,1.298692,0.059861,-0.272918,1.670154,1.524829,-0.315072,1.820567,1.492395,-0.330026,1.800175,1.541880,-0.354411,1.685493,1.587656,-0.281448,1.814728,1.530787,-0.195535,1.725042,1.569481,
20200924_07:28:-56.127,-0.240505,1.593022,0.926459,-0.241949,1.627957,1.100177,-0.244047,1.642556,1.241072,-0.271127,1.669117,1.453350,-0.299915,1.664439,1.414369,-0.430104,1.649736,1.359641,-0.489966,1.541612,1.114562,-0.501749,1.535261,0.884579,-0.476214,1.551674,0.793881,-0.447388,1.576300,0.693475,-0.453075,1.558608,0.769123,-0.233575,1.662952,1.422415,-0.106036,1.644761,1.400845,0.007903,1.585343,1.152444,0.067991,1.668050,0.942748,0.073378,1.681198,0.840752,0.073668,1.692248,0.735839,0.056191,1.711850,0.824661,-0.330845,1.599115,0.924483,-0.329449,1.682523,0.535697,-0.325648,1.672544,0.155832,-0.324724,1.810697,0.031186,-0.159042,1.587528,0.928241,-0.104111,1.614979,0.535810,-0.112984,1.378928,0.233045,-0.105033,1.358510,0.063254,-0.280689,1.692189,1.530546,-0.320255,1.843734,1.499844,-0.337210,1.822435,1.548317,-0.364323,1.707006,1.590697,-0.288106,1.836741,1.539319,-0.204465,1.745362,1.579191,
20200924_07:28:-56.171,-0.239813,1.622733,0.928178,-0.242770,1.656895,1.102033,-0.246382,1.670893,1.242959,-0.275188,1.696002,1.455189,-0.303631,1.692712,1.415815,-0.433611,1.682729,1.359541,-0.494457,1.587698,1.109328,-0.504530,1.598196,0.879414,-0.485291,1.602096,0.785806,-0.461321,1.611615,0.681624,-0.456054,1.616901,0.766003,-0.237481,1.688933,1.424638,-0.110104,1.667331,1.405367,0.005350,1.607768,1.157698,0.069439,1.694033,0.950634,0.083385,1.713715,0.850517,0.082246,1.734373,0.747071,0.062256,1.745685,0.832359,-0.329973,1.630734,0.925072,-0.324747,1.692495,0.532294,-0.320037,1.672255,0.152843,-0.313310,1.808691,0.026492,-0.158512,1.615518,0.930978,-0.095906,1.664246,0.541771,-0.114457,1.436673,0.233006,-0.104062,1.422375,0.062720,-0.284933,1.718528,1.532525,-0.319880,1.871270,1.502147,-0.338802,1.849950,1.549878,-0.369964,1.734835,1.590287,-0.289116,1.863133,1.542498,-0.208949,1.769374,1.583955,
20200924_07:28:-56.172,-0.238973,1.650496,0.929961,-0.243141,1.684991,1.103781,-0.247919,1.699076,1.244708,-0.276518,1.723815,1.457078,-0.304967,1.721415,1.417624,-0.435387,1.715026,1.361737,-0.497974,1.634381,1.106853,-0.505742,1.667045,0.878867,-0.496103,1.667640,0.783682,-0.477462,1.664251,0.678007,-0.461308,1.689431,0.767113,-0.238925,1.715983,1.426549,-0.111788,1.691710,1.408647,0.003923,1.630767,1.161336,0.070045,1.719871,0.956039,0.088264,1.742631,0.857237,0.078629,1.764784,0.754512,0.060868,1.775414,0.837320,-0.329026,1.659572,0.926001,-0.322692,1.700311,0.530382,-0.318291,1.668406,0.151611,-0.310471,1.802453,0.022706,-0.157769,1.642311,0.933532,-0.091066,1.707525,0.547305,-0.114507,1.490517,0.231205,-0.102523,1.484748,0.060469,-0.285863,1.746188,1.534533,-0.316722,1.899234,1.501147,-0.336623,1.879227,1.549068,-0.371029,1.765614,1.591178,-0.286542,1.891050,1.541948,-0.209103,1.796057,1.585833,
20200924_07:28:-56.215,-0.237924,1.679608,0.928325,-0.244392,1.711192,1.102619,-0.251189,1.723729,1.243603,-0.279981,1.745817,1.456228,-0.308316,1.744871,1.416635,-0.439241,1.742911,1.361620,-0.501867,1.684052,1.100866,-0.506426,1.741272,0.877695,-0.503717,1.748627,0.782347,-0.489057,1.747085,0.676009,-0.467433,1.780371,0.770553,-0.242497,1.737414,1.425720,-0.115650,1.710575,1.409555,0.001268,1.651423,1.162392,0.069322,1.744949,0.959723,0.093926,1.769252,0.862692,0.079201,1.781681,0.758944,0.061906,1.801215,0.839193,-0.327714,1.690408,0.923036,-0.319322,1.711882,0.525961,-0.314180,1.674846,0.147685,-0.302505,1.807082,0.017224,-0.156957,1.669870,0.933094,-0.086003,1.754252,0.551382,-0.111978,1.557230,0.222665,-0.094745,1.564583,0.052447,-0.289017,1.767184,1.534000,-0.317253,1.921237,1.503042,-0.338489,1.900524,1.550078,-0.375219,1.786533,1.589073,-0.288121,1.911860,1.544341,-0.212865,1.815049,1.588034,
20200924_07:28:-56.230,-0.237205,1.706917,0.926812,-0.246073,1.735516,1.101637,-0.254722,1.746779,1.242723,-0.283246,1.765535,1.455851,-0.311599,1.765751,1.416219,-0.442354,1.768031,1.360570,-0.503360,1.734034,1.094856,-0.507881,1.816040,0.879388,-0.507216,1.831811,0.784964,-0.495863,1.841076,0.678541,-0.468824,1.867400,0.778654,-0.245866,1.757074,1.425179,-0.119049,1.729590,1.409151,-0.001530,1.673047,1.161449,0.068701,1.769943,0.960935,0.096481,1.798809,0.865961,0.082802,1.811822,0.762068,0.059756,1.826915,0.840090,-0.326919,1.718244,0.920408,-0.318362,1.724082,0.522531,-0.313148,1.680482,0.144698,-0.300079,1.812661,0.014132,-0.156306,1.696703,0.932587,-0.086950,1.797295,0.554244,-0.112024,1.623768,0.212183,-0.089473,1.655360,0.045275,-0.291970,1.785666,1.534045,-0.317630,1.940431,1.503854,-0.338300,1.920081,1.551344,-0.376604,1.806749,1.591015,-0.287805,1.930371,1.544536,-0.213635,1.831863,1.586524,
20200924_07:28:-56.271,-0.236707,1.732954,0.925775,-0.246967,1.759147,1.101111,-0.256620,1.768634,1.242429,-0.284425,1.784726,1.456126,-0.312904,1.785853,1.416529,-0.443763,1.792792,1.361086,-0.505618,1.783093,1.093246,-0.508680,1.889558,0.888422,-0.510003,1.919119,0.797258,-0.500952,1.936834,0.691561,-0.472220,1.951140,0.788719,-0.247183,1.776235,1.425204,-0.120068,1.749907,1.408367,-0.002812,1.696503,1.159475,0.067130,1.796493,0.960064,0.097227,1.826360,0.865977,0.082226,1.839259,0.762127,0.055218,1.849351,0.836920,-0.326572,1.743659,0.918917,-0.320046,1.735795,0.520570,-0.315692,1.685265,0.143140,-0.306284,1.816044,0.010552,-0.155673,1.723301,0.931958,-0.091351,1.837984,0.556254,-0.109834,1.699677,0.197614,-0.087877,1.748791,0.034705,-0.292722,1.803871,1.534712,-0.313592,1.959080,1.502208,-0.333899,1.940305,1.550572,-0.375323,1.829007,1.593223,-0.283182,1.948666,1.542442,-0.211521,1.848203,1.584627,
20200924_07:28:-56.315,-0.237663,1.758527,0.924143,-0.247877,1.784206,1.099701,-0.257294,1.793478,1.241163,-0.283300,1.807059,1.455433,-0.312108,1.808887,1.416053,-0.443540,1.818793,1.362148,-0.509608,1.835263,1.095423,-0.512456,1.960636,0.901375,-0.517181,2.007669,0.817908,-0.519846,2.042988,0.716264,-0.482673,2.033301,0.800965,-0.246337,1.798697,1.424081,-0.118828,1.774122,1.406775,-0.002590,1.722345,1.156813,0.065887,1.823754,0.957393,0.098496,1.851771,0.863484,0.082195,1.869876,0.760526,0.053386,1.872284,0.833416,-0.327768,1.767887,0.917532,-0.323667,1.747570,0.519276,-0.321027,1.684140,0.143476,-0.314212,1.811533,0.007274,-0.156411,1.750086,0.930105,-0.099336,1.873288,0.555594,-0.112488,1.759562,0.187869,-0.088950,1.823401,0.030227,-0.290841,1.825276,1.534381,-0.313337,1.980004,1.500091,-0.330670,1.962254,1.550024,-0.369667,1.851889,1.597420,-0.280494,1.970277,1.538599,-0.206537,1.870339,1.578316,
20200924_07:28:-56.359,-0.237043,1.787583,0.922166,-0.247637,1.811907,1.098065,-0.257308,1.820512,1.239689,-0.281020,1.831709,1.454571,-0.310199,1.834563,1.415468,-0.442186,1.848870,1.363586,-0.511680,1.887733,1.099799,-0.513506,2.029111,0.916791,-0.519823,2.092178,0.844670,-0.534979,2.147222,0.753299,-0.478352,2.097185,0.818869,-0.244480,1.823113,1.422717,-0.117113,1.797744,1.404580,-0.001466,1.746668,1.153901,0.068047,1.848891,0.954993,0.100342,1.872812,0.859745,0.084461,1.892153,0.756841,0.053163,1.893186,0.830325,-0.327225,1.796962,0.915438,-0.324845,1.765290,0.517529,-0.323206,1.689759,0.143596,-0.320752,1.814210,0.004316,-0.155722,1.779125,0.928234,-0.104997,1.906445,0.553781,-0.114824,1.826046,0.176885,-0.092574,1.909524,0.028315,-0.287482,1.849021,1.533897,-0.308109,2.004184,1.499683,-0.326007,1.986518,1.549506,-0.366551,1.876389,1.596472,-0.275619,1.994035,1.538447,-0.202944,1.893156,1.578560,
20200924_07:28:-56.403,-0.235498,1.816796,0.919004,-0.245598,1.841307,1.095084,-0.254916,1.848974,1.236925,-0.276348,1.859142,1.452313,-0.305896,1.862683,1.413485,-0.438367,1.880132,1.363443,-0.512893,1.938734,1.104434,-0.513945,2.094509,0.933198,-0.517608,2.164598,0.867540,-0.526951,2.237962,0.789045,-0.498877,2.186595,0.838034,-0.240221,1.850204,1.420009,-0.112813,1.825002,1.401012,0.001401,1.772952,1.149566,0.071720,1.874661,0.950406,0.103648,1.894627,0.854018,0.085585,1.916439,0.751864,0.054014,1.913466,0.826038,-0.325848,1.825634,0.912591,-0.326304,1.783257,0.515275,-0.326378,1.691786,0.144527,-0.330195,1.810073,-0.000233,-0.154025,1.808827,0.924786,-0.110325,1.936184,0.549043,-0.118390,1.882695,0.166971,-0.099376,1.975443,0.023335,-0.281770,1.876051,1.531886,-0.299837,2.031861,1.498432,-0.316953,2.014450,1.548679,-0.358806,1.905005,1.596425,-0.266638,2.020905,1.536437,-0.195179,1.918275,1.574668,
20200924_07:28:-56.403,-0.230972,1.848689,0.915806,-0.240871,1.873309,1.091879,-0.250026,1.880175,1.233771,-0.268478,1.890263,1.449435,-0.298502,1.894171,1.411009,-0.432230,1.912690,1.364852,-0.513734,1.984867,1.111438,-0.513058,2.155742,0.955268,-0.513128,2.232143,0.896964,-0.516637,2.314910,0.827912,-0.494633,2.268709,0.878312,-0.232882,1.880991,1.416641,-0.105563,1.855322,1.397678,0.007158,1.801005,1.146043,0.077966,1.900455,0.945922,0.109754,1.916592,0.848776,0.091295,1.944520,0.748195,0.059938,1.939711,0.823511,-0.321392,1.856900,0.909574,-0.325013,1.804195,0.513518,-0.327450,1.697279,0.146940,-0.327560,1.806008,-0.005175,-0.149436,1.841284,0.921425,-0.113169,1.967863,0.544636,-0.120383,1.933918,0.160323,-0.103432,2.030537,0.019001,-0.272660,1.907117,1.529094,-0.288855,2.063275,1.496323,-0.305608,2.045959,1.546725,-0.348468,1.936988,1.594658,-0.255358,2.051717,1.533884,-0.184946,1.947939,1.570933,
20200924_07:28:-56.447,-0.227969,1.882089,0.915031,-0.235866,1.906382,1.091254,-0.243182,1.912787,1.233276,-0.258012,1.921573,1.449279,-0.288675,1.925718,1.411386,-0.423718,1.944044,1.369140,-0.515274,2.024163,1.121608,-0.516587,2.200019,0.971070,-0.528088,2.283606,0.925049,-0.524751,2.371369,0.862458,-0.495629,2.327437,0.912013,-0.222973,1.912493,1.415838,-0.095971,1.887126,1.394485,0.013442,1.830582,1.141877,0.081467,1.928595,0.940084,0.113496,1.940352,0.842389,0.093507,1.971302,0.742990,0.061899,1.967246,0.818431,-0.318604,1.888641,0.910067,-0.324200,1.828959,0.515019,-0.327966,1.702661,0.154664,-0.324416,1.810487,0.001946,-0.146239,1.876181,0.919508,-0.119966,1.999506,0.540809,-0.129040,1.975258,0.155796,-0.114400,2.080553,0.020542,-0.260854,1.937944,1.529099,-0.278889,2.093848,1.496067,-0.297486,2.075998,1.545629,-0.340108,1.965973,1.591318,-0.246850,2.082861,1.535045,-0.175962,1.980452,1.574899,
20200924_07:28:-56.466,-0.224048,1.918228,0.916684,-0.230949,1.942361,1.093032,-0.237477,1.947395,1.235196,-0.248200,1.956666,1.451496,-0.279585,1.960754,1.414171,-0.416062,1.979134,1.376654,-0.517117,2.059385,1.132783,-0.527530,2.238494,0.986368,-0.537851,2.325647,0.947112,-0.512255,2.411727,0.887328,-0.484081,2.360378,0.925247,-0.213797,1.947484,1.417404,-0.087355,1.920933,1.393988,0.019051,1.860286,1.140941,0.084484,1.955108,0.936688,0.117775,1.963522,0.839031,0.096031,1.994908,0.740100,0.061921,1.991400,0.815124,-0.314779,1.924294,0.912303,-0.321115,1.856963,0.518359,-0.325182,1.710257,0.165681,-0.323215,1.798711,0.000885,-0.142232,1.912757,0.920634,-0.121236,2.029835,0.539487,-0.133260,2.008768,0.154235,-0.120986,2.112072,0.017148,-0.249514,1.973220,1.531347,-0.268098,2.129186,1.498648,-0.286287,2.111231,1.548345,-0.328366,2.001030,1.594232,-0.235729,2.118204,1.537378,-0.164323,2.015841,1.576564,
20200924_07:28:-56.507,-0.217719,1.955269,0.920132,-0.224575,1.978212,1.096761,-0.231174,1.981334,1.239070,-0.238960,1.989045,1.455702,-0.270876,1.993375,1.418813,-0.408382,2.011822,1.384902,-0.514418,2.091546,1.142772,-0.523802,2.274902,1.001389,-0.545302,2.362819,0.968772,-0.499648,2.439490,0.908011,-0.465942,2.391283,0.940213,-0.204995,1.980132,1.421055,-0.078907,1.953320,1.395628,0.024399,1.889160,1.141956,0.087623,1.980326,0.935179,0.121822,1.985844,0.837557,0.100594,2.022571,0.740291,0.066660,2.016981,0.814812,-0.308492,1.961622,0.915784,-0.314472,1.889165,0.522475,-0.319224,1.728362,0.175727,-0.319637,1.805308,0.005106,-0.135865,1.949541,0.924054,-0.117805,2.058650,0.540124,-0.131822,2.036148,0.154764,-0.119233,2.137905,0.016410,-0.239199,2.005033,1.535733,-0.260160,2.159985,1.499338,-0.279089,2.142683,1.549033,-0.320002,2.032549,1.596345,-0.228417,2.150456,1.539006,-0.155827,2.050325,1.581897,
20200924_07:28:-56.551,-0.211398,1.993457,0.925401,-0.217103,2.015490,1.102425,-0.222881,2.016212,1.244993,-0.226990,2.021882,1.462076,-0.259614,2.026299,1.425735,-0.398198,2.043784,1.395055,-0.511351,2.118178,1.154034,-0.522062,2.301294,1.011930,-0.540846,2.392098,0.985818,-0.503886,2.469845,0.920434,-0.468307,2.421059,0.950547,-0.193515,2.013550,1.426722,-0.067504,1.987443,1.399351,0.030838,1.919912,1.144171,0.090428,2.007813,0.934567,0.123447,2.009744,0.836258,0.100215,2.045801,0.739046,0.067947,2.041369,0.813750,-0.302323,1.999777,0.921685,-0.311614,1.927174,0.527927,-0.316475,1.751928,0.187679,-0.317247,1.807886,0.008812,-0.129407,1.987758,0.928753,-0.116446,2.084775,0.540839,-0.131377,2.064270,0.154888,-0.123700,2.158035,0.010379,-0.225971,2.037153,1.542351,-0.251016,2.191047,1.503209,-0.268526,2.174378,1.553717,-0.306124,2.064288,1.604226,-0.218190,2.182999,1.542410,-0.142493,2.085182,1.585799,
20200924_07:28:-56.595,-0.203853,2.030615,0.931752,-0.207475,2.052138,1.109090,-0.212042,2.051080,1.251856,-0.212393,2.055425,1.469247,-0.245666,2.060139,1.433464,-0.385140,2.077932,1.406486,-0.505866,2.142692,1.166011,-0.519280,2.320713,1.017398,-0.533577,2.412836,0.992711,-0.502305,2.488284,0.921712,-0.468355,2.442230,0.954858,-0.179515,2.047233,1.433231,-0.053950,2.020941,1.403403,0.038669,1.949565,1.146791,0.095204,2.033281,0.934358,0.124353,2.030875,0.834724,0.100674,2.064910,0.736766,0.072210,2.064810,0.812808,-0.294762,2.038779,0.928904,-0.309965,1.969200,0.534338,-0.319155,1.781926,0.200170,-0.320429,1.820658,0.016593,-0.121875,2.023252,0.934320,-0.112542,2.107194,0.542816,-0.130711,2.082294,0.156837,-0.125261,2.166618,0.006310,-0.209953,2.070216,1.549673,-0.238765,2.221384,1.502583,-0.255442,2.207063,1.554150,-0.290175,2.098944,1.610930,-0.205362,2.216148,1.541848,-0.127045,2.122335,1.589641,
20200924_07:28:-56.639,-0.196104,2.063150,0.935083,-0.197831,2.085686,1.112462,-0.201203,2.084740,1.255373,-0.198365,2.091311,1.472857,-0.232212,2.095500,1.437497,-0.372660,2.111205,1.413904,-0.501993,2.160369,1.173964,-0.519248,2.330689,1.016692,-0.535276,2.421697,0.988845,-0.508731,2.490139,0.909219,-0.471020,2.453171,0.951606,-0.165956,2.082906,1.436415,-0.041071,2.055802,1.404116,0.046358,1.980776,1.146487,0.098234,2.058334,0.930359,0.126940,2.054589,0.830555,0.101303,2.082587,0.731100,0.074263,2.085908,0.806945,-0.286984,2.072571,0.933001,-0.310240,2.015622,0.536492,-0.320191,1.810531,0.212626,-0.324762,1.824400,0.025426,-0.114154,2.054654,0.936960,-0.108635,2.126115,0.542601,-0.130664,2.090702,0.157345,-0.127991,2.161741,-0.000107,-0.194810,2.106947,1.553145,-0.224916,2.257269,1.503785,-0.239412,2.244238,1.556390,-0.272202,2.137594,1.617190,-0.189833,2.252740,1.541703,-0.109915,2.159521,1.588268,
20200924_07:28:-56.640,-0.190435,2.091856,0.933986,-0.190556,2.116650,1.111272,-0.192724,2.116992,1.254367,-0.186816,2.129069,1.471794,-0.221275,2.131848,1.436813,-0.362818,2.143248,1.416561,-0.498910,2.171190,1.176596,-0.524037,2.329713,1.008074,-0.540313,2.418847,0.974523,-0.521336,2.476436,0.884642,-0.485450,2.453342,0.939279,-0.154777,2.120246,1.435051,-0.030345,2.092572,1.400940,0.053132,2.014479,1.142570,0.101065,2.086063,0.923210,0.128882,2.081803,0.823056,0.102179,2.108669,0.723444,0.076118,2.110475,0.799885,-0.281413,2.101432,0.932584,-0.310328,2.061734,0.533902,-0.320751,1.839606,0.220969,-0.325986,1.820710,0.034018,-0.108396,2.083220,0.935249,-0.105132,2.142357,0.538381,-0.131693,2.093234,0.154486,-0.132080,2.147902,-0.009593,-0.182336,2.146785,1.551696,-0.209252,2.295620,1.495833,-0.228226,2.283789,1.547352,-0.265395,2.178297,1.607937,-0.177564,2.292439,1.536831,-0.101198,2.201200,1.592750,
20200924_07:28:-56.683,-0.187885,2.118963,0.933421,-0.185695,2.147397,1.110338,-0.186250,2.150365,1.253569,-0.178473,2.168220,1.470770,-0.213317,2.169710,1.436019,-0.355335,2.177740,1.416419,-0.495828,2.182678,1.177077,-0.528989,2.326020,0.996443,-0.545579,2.410563,0.952482,-0.543561,2.457189,0.854493,-0.502631,2.444697,0.917414,-0.146644,2.158773,1.433929,-0.022634,2.130467,1.398294,0.059518,2.049013,1.140212,0.105503,2.115027,0.918435,0.127321,2.111448,0.816666,0.101047,2.137541,0.716615,0.073585,2.136076,0.798657,-0.278860,2.129530,0.932850,-0.312662,2.115191,0.532410,-0.323897,1.875600,0.232147,-0.336913,1.850824,0.046065,-0.105849,2.109434,0.933937,-0.104051,2.155987,0.534961,-0.135434,2.091367,0.153319,-0.136921,2.140190,-0.012778,-0.173451,2.188094,1.550220,-0.201980,2.335091,1.489973,-0.220100,2.324836,1.542197,-0.255844,2.221086,1.606797,-0.169599,2.333365,1.530583,-0.091845,2.244204,1.588241,
20200924_07:28:-56.698,-0.186434,2.142009,0.935031,-0.183575,2.174671,1.111410,-0.183318,2.182298,1.254630,-0.174950,2.206264,1.471466,-0.210029,2.205894,1.436843,-0.352362,2.208549,1.416887,-0.493767,2.190263,1.178370,-0.535523,2.312107,0.983930,-0.556023,2.388760,0.928430,-0.563798,2.426045,0.826666,-0.521319,2.421222,0.891421,-0.143026,2.196650,1.434675,-0.019290,2.169191,1.396940,0.064459,2.086341,1.139469,0.107854,2.146712,0.915293,0.133004,2.140263,0.814319,0.106786,2.172529,0.715940,0.080288,2.167028,0.795295,-0.277582,2.151970,0.934664,-0.311504,2.168474,0.533866,-0.319977,1.917645,0.242265,-0.338364,1.892741,0.056441,-0.104243,2.133026,0.935362,-0.103074,2.168982,0.534838,-0.136058,2.085894,0.156476,-0.138483,2.131775,-0.010647,-0.170063,2.228435,1.550409,-0.196575,2.373924,1.485294,-0.214753,2.365666,1.537918,-0.251931,2.264544,1.606057,-0.164100,2.373064,1.525931,-0.087464,2.284620,1.586455,
20200924_07:28:-56.739,-0.186836,2.166574,0.934938,-0.183405,2.203793,1.110536,-0.182278,2.216234,1.253517,-0.173159,2.247438,1.469560,-0.208480,2.244766,1.435235,-0.350992,2.241192,1.415962,-0.491343,2.199293,1.179577,-0.540891,2.295686,0.972868,-0.563995,2.358637,0.902919,-0.577968,2.385576,0.798503,-0.542433,2.388057,0.866123,-0.141169,2.237731,1.432802,-0.017355,2.210603,1.394750,0.067758,2.127070,1.137723,0.110184,2.184766,0.912480,0.136855,2.177025,0.811909,0.110448,2.204505,0.712055,0.084038,2.202121,0.790628,-0.278197,2.175094,0.934917,-0.311832,2.222230,0.536241,-0.318079,1.974452,0.241622,-0.338259,1.942206,0.056979,-0.104452,2.158892,0.934957,-0.103362,2.183949,0.533313,-0.136627,2.084223,0.158725,-0.140207,2.123603,-0.010156,-0.168458,2.272302,1.547770,-0.193211,2.415815,1.477490,-0.210391,2.410035,1.530819,-0.248288,2.312464,1.603746,-0.159833,2.415793,1.517447,-0.083781,2.327971,1.579795,
20200924_07:28:-56.783,-0.184876,2.195728,0.935700,-0.180139,2.236322,1.110603,-0.177970,2.253685,1.253126,-0.169089,2.288896,1.468665,-0.204406,2.285294,1.434388,-0.346606,2.278292,1.413333,-0.484565,2.215815,1.179950,-0.541849,2.284880,0.964371,-0.564997,2.329800,0.881637,-0.582488,2.345551,0.775428,-0.567114,2.327334,0.835089,-0.137006,2.278797,1.432063,-0.013708,2.250061,1.393306,0.072347,2.167691,1.136072,0.114226,2.221876,0.909742,0.134790,2.216622,0.807539,0.114475,2.268399,0.716213,0.098777,2.244131,0.791627,-0.276149,2.205548,0.935893,-0.308277,2.276217,0.540392,-0.321763,2.047669,0.230625,-0.337052,2.010086,0.046433,-0.102572,2.186873,0.935526,-0.100811,2.201589,0.533185,-0.135106,2.091221,0.161497,-0.137933,2.125557,-0.008578,-0.164592,2.315227,1.546446,-0.190405,2.458136,1.475153,-0.205610,2.453269,1.529196,-0.241808,2.357087,1.604882,-0.155513,2.458255,1.513827,-0.078094,2.370345,1.574474,
20200924_07:28:-56.827,-0.183960,2.223875,0.932884,-0.178846,2.267018,1.107203,-0.176191,2.288626,1.249166,-0.168848,2.327596,1.464161,-0.203958,2.322787,1.429804,-0.345711,2.312506,1.406955,-0.478782,2.231894,1.176241,-0.541934,2.271094,0.954828,-0.572945,2.290819,0.865098,-0.600003,2.300497,0.760152,-0.576295,2.290045,0.824108,-0.136429,2.317462,1.427852,-0.012718,2.290072,1.389346,0.076595,2.208854,1.132792,0.118453,2.264358,0.906727,0.136185,2.257626,0.804060,0.120872,2.288759,0.702892,0.104062,2.284074,0.785821,-0.275212,2.234057,0.933041,-0.303509,2.332381,0.543110,-0.316812,2.130083,0.215497,-0.330335,2.102524,0.029364,-0.101674,2.214693,0.932742,-0.099027,2.221879,0.530119,-0.132544,2.098888,0.162259,-0.134110,2.134696,-0.007565,-0.165150,2.355306,1.541522,-0.188736,2.498190,1.469338,-0.202284,2.494429,1.523919,-0.239012,2.400315,1.601957,-0.152582,2.497615,1.506846,-0.076027,2.407914,1.566008,
20200924_07:28:-56.871,-0.181486,2.262360,0.928685,-0.175084,2.304813,1.103226,-0.171932,2.326926,1.245176,-0.166508,2.369390,1.459680,-0.201295,2.364616,1.424957,-0.341826,2.354537,1.395082,-0.471729,2.260578,1.167459,-0.541811,2.269438,0.944716,-0.579624,2.264091,0.855533,-0.611272,2.258035,0.751547,-0.590186,2.262394,0.819085,-0.133818,2.358076,1.423932,-0.010918,2.327894,1.384688,0.081786,2.246349,1.129282,0.126891,2.307157,0.905086,0.141594,2.298730,0.802012,0.138546,2.328072,0.699152,0.116984,2.326503,0.786510,-0.272119,2.277353,0.928363,-0.296556,2.384694,0.540339,-0.328262,2.206025,0.200256,-0.340935,2.181623,0.013526,-0.099757,2.248841,0.928976,-0.094026,2.248456,0.526113,-0.131602,2.119221,0.160582,-0.129221,2.156307,-0.009050,-0.163257,2.398340,1.536651,-0.184132,2.541787,1.464561,-0.197481,2.538310,1.519240,-0.235851,2.444952,1.597503,-0.147786,2.540424,1.501899,-0.072845,2.449030,1.560688,
20200924_07:28:-56.915,-0.182276,2.298859,0.921690,-0.175766,2.343366,1.095499,-0.172431,2.368490,1.236773,-0.170597,2.412679,1.450730,-0.204786,2.407146,1.415609,-0.344331,2.396551,1.382294,-0.466367,2.282829,1.159786,-0.534560,2.259511,0.937787,-0.554012,2.225941,0.848990,-0.564270,2.203828,0.743020,-0.559917,2.212541,0.815081,-0.137295,2.401556,1.415572,-0.013992,2.372747,1.377087,0.083843,2.291486,1.123880,0.132676,2.353967,0.901221,0.151695,2.351836,0.798654,0.145279,2.377372,0.695065,0.136978,2.375162,0.778645,-0.272628,2.314852,0.920979,-0.288389,2.431205,0.535599,-0.309030,2.307961,0.171423,-0.317483,2.330245,-0.015590,-0.100802,2.284437,0.922332,-0.092986,2.271748,0.520172,-0.129258,2.131255,0.159172,-0.124914,2.171819,-0.009416,-0.168827,2.442249,1.527411,-0.181758,2.586824,1.456139,-0.195503,2.583760,1.510677,-0.239050,2.492237,1.588152,-0.145745,2.583341,1.493579,-0.076081,2.487906,1.552090,
20200924_07:28:-56.915,-0.180497,2.335513,0.918803,-0.174806,2.381531,1.092012,-0.171846,2.409448,1.232584,-0.172900,2.455998,1.445762,-0.206586,2.449721,1.410369,-0.345403,2.437085,1.375544,-0.453265,2.316400,1.149844,-0.510739,2.284148,0.926245,-0.541800,2.246970,0.842463,-0.574281,2.231956,0.739927,-0.546695,2.229144,0.812151,-0.139130,2.444844,1.411154,-0.015674,2.416777,1.373189,0.085618,2.337738,1.121041,0.137081,2.403945,0.900377,0.157748,2.405312,0.798251,0.149431,2.428102,0.694297,0.136718,2.430968,0.777037,-0.270748,2.351378,0.917554,-0.279974,2.468921,0.532856,-0.291607,2.392155,0.156245,-0.299126,2.452228,-0.022044,-0.099114,2.321207,0.919931,-0.088179,2.299567,0.518736,-0.123115,2.145880,0.163557,-0.118863,2.183455,-0.005499,-0.172309,2.486407,1.522021,-0.185738,2.630986,1.451315,-0.199869,2.627604,1.505661,-0.243285,2.535566,1.582329,-0.150040,2.627623,1.488975,-0.080218,2.532591,1.547578,
